gobelets.dat
From Les Cahiers de l'Analyse des Donn\u00e9es, 18 (4), 1993 - Thai gobelets 
trace  :  0.0277
Lambda, rates and cumulative values are scaled by 10^-4 
rank   :     1     2     3     4     5     6     7
lambda :   133    84    37    19     6
rates  :  4784  3024  1318   673   201
cumul  :  4784  7808  9126  9799 10000
__________________________________________________________________________
|IDNI| QLT WTS INR|  F#1 CO2 CTR|  F#2 CO2 CTR|  F#3 CO2 CTR|  F#4 CO2 CTR|
|   A| 999  43  15|   37 136   4|  -78 624  32|   10   9   1|  -48 230  52|
|   B|1000  42  57|   89 209  25|   50  65  12|  -22  13   6|  164 712 602|
|   C| 961  51  41|  -25  29   2|  124 684  92|  -73 239  74|  -13   8   5|
|   D| 998  43 105| -239 849 186|   46  32  11|   89 116  93|    7   1   1|
|   E| 991  45  89| -234 989 184|    5   1   0|   10   2   1|   -1   0   0|
|   F| 902  44  16|   94 850  29|   -8   6   0|   22  46   6|    1   0   0|
|   G| 989  41  14|   52 294   8|   69 516  23|   27  79   8|  -30 100  20|
|   H| 981  45  53|   95 278  31| -148 668 116|   24  18   7|  -23  17  13|
|   I| 999  33  19|   -9   6   0| -125 978  62|    9   6   1|   13  10   3|
|   J|1000  31  37| -108 354  27| -121 442  54|   60 111  31|   55  92  50|
|   K| 994  44  47|  116 461  45|  122 506  78|    9   3   1|  -27  24  17|
|   L| 994  45  23|   -5   2   0|  -85 512  38|   76 408  70|  -32  72  24|
|   M| 986  35  15|   38 115   4|  -85 590  30|  -44 158  18|   39 123  28|
|   N| 996  47  14|   79 764  22|  -18  37   2|   28  98  10|  -28  97  20|
|   O| 971  46  20|   65 361  15|  -77 509  33|   -5   3   0|  -34  99  29|
|   P| 900  41  31|    7   2   0|  130 821  83|  -35  61  14|  -18  16   7|
|   Q| 999  39  64| -197 845 113|   42  39   8|   67  97  47|   28  18  17|
|   R| 979  47  51| -155 799  84|   63 133  22|  -15   8   3|  -34  39  29|
|   S| 951  45  20|   95 728  31|  -21  36   2|   46 172  26|  -14  15   5|
|   T| 869  49  51|   31  34   4|  149 764 129|  -44  67  26|   -9   3   2|
|   U|1000  46  33|  124 773  53|  -59 178  19|   -2   0   0|   31  49  24|
|   V| 981  22  23| -112 419  20| -105 373  28|  -53  95  17|   53  94  32|
|   W| 986  17  41| -124 221  19| -100 143  20| -208 622 195|    2   0   0|
|   X| 997  18  75| -120 122  19| -172 253  63| -267 606 344|  -44  16  18|
|   Z| 994  45  49|  148 728  74|   89 261  42|    8   2   1|    9   2   2|
__________________________________________________________________________
|IDNJ| QLT WTS INR|  F#1 CO2 CTR|  F#2 CO2 CTR|  F#3 CO2 CTR|  F#4 CO2 CTR|
|  Wo| 996 183 208| -150 717 313|    4   0   0|  -91 262 414|   23  17  52|
|  Wg| 930 246  49|    6   6   1|  -29 155  25|  -10  19   7|  -65 750 550|
|  Ws| 914 201  77|   27  70  11|   74 520 133|   30  87  51|   50 236 272|
|  Wn| 993  88 214| -201 598 268|  -71  75  53|  147 320 519|   -0   0   0|
|  Hs| 966 112 183|  101 224  86|  181 719 435|   14   4   6|  -29  19  51|
|  Hg| 994 170 268|  159 575 322| -132 398 353|   -8   1   3|   29  19  75|
__________________________________________________________________________
Supplementary columns: 
__________________________________________________________________________
|IDNI| QLT WTS INR|  F#1 CO2 CTR|  F#2 CO2 CTR|  F#3 CO2 CTR|  F#4 CO2 CTR|
|  Ht| 967 282 194|  136 962 391|   -8   3   2|    1   0   0|    6   2   5|
__________________________________________________________________________
