Inertias and level indices are calculated in
the space definied by the 4 axes used for the CAH. 
The sum of level indices is 0.0272
Rates T are scaled by 10^-4 
c      49   48   47   46   45   44   43   42   41   40   39   38   37   36   35   34   33   32   31   30   29   28   27   26
car    25   17    8    4    7    6   10    4    6    5    3    3    4    3    2    2    3    2    2    2    2    3    2    2
T    4000 2150 1065  532  498  415  347  160  124  118   89   83   80   72   61   46   41   34   27   21   10   10    9    7
A      47   43   42   32    B   33   37    R    L   34    G    H    U    E    J    I    C    W    K    D    A    F    P    N
B      48   45   46   35   44   39   41   36   40   38   31   29   28   30    V    M   27    X    Z    Q    O   26    T    S

Representation of the hierarchy. 
Classes are labeled n+1 to 2*n-1.
  49  49  49  49  49  49  49  49  49  49  49  49  49  49  49  49  49  49  49  49  49  49  49  49  49
  47  47  47  47  47  47  47  47  48  48  48  48  48  48  48  48  48  48  48  48  48  48  48  48  48
  47  47  47  47  47  47  47  47  43  43  43  43  43  43  43  43  43  43  45  45  45  45  45  45  45
  42  42  42  42  46  46  46  46  43  43  43  43  43  43  43  43  43  43  45  45  45  45  45  45  45
  42  42  42  42  32  32  35  35  43  43  43  43  43  43  43  43  43  43  45  45  45  45  45  45  45
  42  42  42  42  32  32  35  35  43  43  43  43  43  43  43  43  43  43   2  44  44  44  44  44  44
  42  42  42  42  32  32  35  35  43  43  43  43  43  43  43  43  43  43   2  33  33  33  39  39  39
  42  42  42  42  32  32  35  35  37  37  37  37  41  41  41  41  41  41   2  33  33  33  39  39  39
  18  36  36  36  32  32  35  35  37  37  37  37  41  41  41  41  41  41   2  33  33  33  39  39  39
  18  36  36  36  32  32  35  35  37  37  37  37  12  40  40  40  40  40   2  33  33  33  39  39  39
  18  36  36  36  32  32  35  35  37  37  37  37  12  34  34  38  38  38   2  33  33  33  39  39  39
  18  36  36  36  32  32  35  35  37  37  37  37  12  34  34  38  38  38   2  33  33  33   7  31  31
  18  36  36  36  32  32  35  35  37  37  37  37  12  34  34   8  29  29   2  33  33  33   7  31  31
  18  36  36  36  32  32  35  35  21  28  28  28  12  34  34   8  29  29   2  33  33  33   7  31  31
  18   5  30  30  32  32  35  35  21  28  28  28  12  34  34   8  29  29   2  33  33  33   7  31  31
  18   5  30  30  32  32  10  22  21  28  28  28  12  34  34   8  29  29   2  33  33  33   7  31  31
  18   5  30  30  32  32  10  22  21  28  28  28  12   9  13   8  29  29   2  33  33  33   7  31  31
  18   5  30  30  32  32  10  22  21  28  28  28  12   9  13   8  29  29   2   3  27  27   7  31  31
  18   5  30  30  23  24  10  22  21  28  28  28  12   9  13   8  29  29   2   3  27  27   7  31  31
  18   5  30  30  23  24  10  22  21  28  28  28  12   9  13   8  29  29   2   3  27  27   7  11  25
  18   5   4  17  23  24  10  22  21  28  28  28  12   9  13   8  29  29   2   3  27  27   7  11  25
  18   5   4  17  23  24  10  22  21  28  28  28  12   9  13   8   1  15   2   3  27  27   7  11  25
  18   5   4  17  23  24  10  22  21   6  26  26  12   9  13   8   1  15   2   3  27  27   7  11  25
  18   5   4  17  23  24  10  22  21   6  26  26  12   9  13   8   1  15   2   3  16  20   7  11  25
  18   5   4  17  23  24  10  22  21   6  14  19  12   9  13   8   1  15   2   3  16  20   7  11  25
   R   E   D   Q   W   X   J   V   U   F   N   S   L   I   M   H   A   O   B   C   P   T   G   K   Z
