__________________________________________________________________________________
|CLAS ELDR YNGR| QLT WTS INR|  F#1 CO2 CTR|  F#2 CO2 CTR|  F#3 CO2 CTR|  F#4 CO2 CTR|
__________________________________________________________________________________
Representation on the factorial axes of the 19 selected nodes 
   49   47   48|10001000   0|    0   0   0|   -0   0   0|    0   0   0|    0   0   0|
   48   43   45|1000 740 104|   61 990 211|    5   7   2|    2   1   1|   -3   2   3|
   47   42   46|1000 260 296| -175 990 601|  -15   7   7|   -5   1   2|    7   2   7|
   46   32   35|1000  87 115| -114 360  85| -123 420 157|  -86 203 174|   24  16  27|
   45    2   44|1000 313 174|   58 223  79|  106 744 419|  -20  27  35|    9   6  15|
   44   33   39|1000 271 166|   53 171  58|  115 792 425|  -20  24  30|  -15  13  31|
   43   37   41|1000 427 145|   64 444 132|  -68 508 239|   18  35  38|  -11  14  29|
   42   18   36|1000 173 287| -206 938 552|   39  34  32|   35  28  59|   -1   0   0|
   41   12   40|1000 247 108|   39 128  28|  -99 829 289|   14  16  13|  -18  26  41|
   40   34   38|1000 202  97|   49 182  36| -102 802 252|    0   0   0|  -14  16  22|
   39    7   31|1000 130  99|  107 553 112|   94 425 136|   14  10   7|  -16  12  17|
   38    8   29|1000 134  78|   66 274  44| -101 644 163|    9   5   3|  -35  77  87|
   37   21   28|1000 181  73|   98 882 131|  -27  66  15|   24  51  27|   -3   1   1|
   36    5   30|1000 126 253| -224 926 480|   31  17  14|   54  54 101|   11   2   8|
   35   10   22|1000  52  54| -109 424  47| -114 463  82|   14   7   3|   54 104  82|
   34    9   13|1000  68  31|   15  18   1| -105 895  89|  -18  26   6|   26  55  25|
   33    3   27|1000 141 108|    4   1   0|  134 861 302|  -52 129 104|  -13   9  14|
   32   23   24|1000  34 114| -122 163  38| -137 207  77| -238 625 531|  -22   5   8|
   31   11   25|1000  89  94|  132 610 117|  105 385 117|    9   3   2|   -9   3   4|
Representation on the factorial axes of the 20 classes of the selected partition 
    2    0    0|1000  42  58|   89 209  25|   50  65  12|  -22  13   6|  164 712 602|
    3    0    0|1000  51  42|  -25  29   2|  124 684  92|  -73 239  74|  -13   8   5|
    5    0    0|1000  45  91| -234 989 184|    5   1   0|   10   2   1|   -1   0   0|
    7    0    0|1000  41  14|   52 294   8|   69 516  23|   27  79   8|  -30 100  20|
    8    0    0|1000  45  54|   95 278  31| -148 668 116|   24  18   7|  -23  17  13|
    9    0    0|1000  33  20|   -9   6   0| -125 978  62|    9   6   1|   13  10   3|
   10    0    0|1000  31  37| -108 354  27| -121 442  54|   60 111  31|   55  92  50|
   11    0    0|1000  44  48|  116 461  45|  122 506  78|    9   3   1|  -27  24  17|
   12    0    0|1000  45  23|   -5   2   0|  -85 512  38|   76 408  70|  -32  72  24|
   13    0    0|1000  35  16|   38 115   4|  -85 590  30|  -44 158  18|   39 123  28|
   18    0    0|1000  47  52| -155 799  84|   63 133  22|  -15   8   3|  -34  39  29|
   21    0    0|1000  46  33|  124 773  53|  -59 178  19|   -2   0   0|   31  49  24|
   22    0    0|1000  22  24| -112 419  20| -105 373  28|  -53  95  17|   53  94  32|
   23    0    0|1000  17  42| -124 221  19| -100 143  20| -208 622 195|    2   0   0|
   24    0    0|1000  18  76| -120 122  19| -172 253  63| -267 606 344|  -44  16  18|
   25    0    0|1000  45  50|  148 728  74|   89 261  42|    8   2   1|    9   2   2|
   27   16   20|1000  90  73|   20  18   3|  140 893 211|  -40  73  40|  -13   8   9|
   28    6   26|1000 135  47|   89 842  81|  -16  26   4|   32 109  38|  -14  21  14|
   29    1   15|1000  89  34|   51 253  18|  -78 579  64|    2   0   0|  -41 157  79|
   30    4   17|1000  82 170| -219 851 296|   44  35  19|   78 109 137|   17   5  13|
__________________________________________________________________________________
__________________________________________________________________________________
|CDIP ELDR YNGR| QLT WTS IND|  D#1 COD CTD|  D#2 COD CTD|  D#3 COD CTD|  D#4 COD CTD|
__________________________________________________________________________________
Representation on the factorial axes of the 19 selected dipoles 
   49   47   48|10001000 400| -237 990 812|  -20   7   9|   -7   1   2|   10   2  10|
   48   43   45|1000 740 215|    6   1   0| -174 940 655|   38  45  72|  -21  13  41|
   47   42   46|1000 260 106|  -91 167  36|  163 528 182|  121 292 231|  -26  13  20|
   46   32   35|1000  87  53|  -12   2   0|  -23   7   1| -252 907 359|  -76  82  63|
   45    2   44|1000 313  50|   35  34   3|  -65 114  18|   -2   0   0|  178 852 617|
   44   33   39|1000 271  42| -103 636  54|   41  99  13|  -66 265  82|    2   0   0|
   43   37   41|1000 427  35|   59 384  27|   72 576  65|   10  10   3|   15  24  12|
   42   18   36|1000 173  17|   70 356  13|   33  77   4|  -69 348  45|  -45 147  37|
   41   12   40|1000 247  12|  -54 312   8|   18  34   1|   75 617  57|  -17  32   6|
   40   34   38|1000 202  12|  -51 366   9|   -4   2   0|  -27 103   9|   61 515  89|
   39    7   31|1000 130   9|  -80 743  14|  -36 152   4|   18  39   3|  -21  53   7|
   38    8   29|1000 134  10|   44 216   4|  -70 550  17|   22  57   4|   17  33   5|
   37   21   28|1000 181   8|   34 186   3|  -44 301   8|  -34 185  11|   45 326  38|
   36    5   30|1000 126   8|  -14  28   0|  -39 208   5|  -69 643  37|  -18  42   5|
   35   10   22|1000  52   6|    4   1   0|  -15  17   0|  113 926  45|    2   0   0|
   34    9   13|1000  68   5|  -47 295   3|  -40 218   3|   53 383  13|  -26  92   6|
   33    3   27|1000 141   6|  -46 399   5|  -17  53   1|  -33 208  10|    0   0   0|
   32   23   24|1000  34   4|   -4   1   0|   73 392   5|   59 259   8|   46 154  10|
   31   11   25|1000  89   3|  -32 249   2|   33 268   3|    1   0   0|  -35 303  15|
__________________________________________________________________________________
