________________________________________________________________________________________________________________
|CLAS ELDR YNGR| QLT WTS INR|   Wo CO2 CTR|   Wg CO2 CTR|   Ws CO2 CTR|   Wn CO2 CTR|   Hs CO2 CTR|   Hg CO2 CTR|
________________________________________________________________________________________________________________
Representation of the 19 nodes on the set J 
   49   47   48|10001000   0|  183   0   0|  246   0   0|  201   0   0|   88   0   0|  112   0   0|  170   0   0|
   48   43   45|1000 740 104|  168 342 171|  247   2   4|  205  17  23|   78 267 130|  119 123  70|  183 248  96|
   47   42   46|1000 260 296|  227 342 486|  242   2  12|  191  17  64|  115 267 370|   91 123 199|  134 248 274|
   46   32   35|1000  87 115|  236 417 231|  248   1   2|  172 118 176|   96  19  10|   70 433 273|  178  12   5|
   45    2   44|1000 313 174|  176  17  14|  236  25  89|  222 144 323|   67 323 262|  139 443 421|  159  49  31|
   44   33   39|1000 271 166|  175  21  17|  244   1   2|  218  82 177|   67 288 223|  143 504 455|  153 104  64|
   43   37   41|1000 427 145|  161 282 196|  255  40 117|  192  44  83|   86   2   1|  105  54  43|  200 578 314|
   42   18   36|1000 173 287|  223 192 265|  239   5  27|  201   0   0|  124 337 453|  102  20  31|  111 446 478|
   41   12   40|1000 247 108|  168 108  56|  260  63 136|  183 134 186|   92  16   8|   96 188 110|  201 492 197|
   40   34   38|1000 202  97|  169  79  37|  260  57 113|  183 127 159|   87   0   0|   96 183  97|  205 554 200|
   39    7   31|1000 130  99|  153 248 117|  246   0   0|  220  87 111|   68 219 101|  144 446 241|  169   0   0|
   38    8   29|1000 134  78|  160 176  66|  267 118 188|  181 128 130|   86   1   0|   99  98  42|  206 478 140|
   37   21   28|1000 181  73|  152 471 164|  250   6   9|  204   4   4|   79  74  25|  116  12   5|  198 432 117|
   36    5   30|1000 126 253|  223 157 191|  236   8  40|  205   1   5|  131 393 465|   96  42  57|  109 399 377|
   35   10   22|1000  52  54|  211 145  38|  232  30  33|  189  25  17|  116 319  81|   74 464 138|  179  17   3|
   34    9   13|1000  68  31|  187   7   1|  244   1   1|  187  83  33|   89   3   0|   89 371  62|  203 535  61|
   33    3   27|1000 141 108|  196  44  23|  243   2   3|  216  49  69|   67 241 122|  141 364 216|  137 300 121|
   32   23   24|1000  34 114|  274 499 274|  274  36  82|  145 173 255|   65  68  36|   65 222 138|  177   4   2|
   31   11   25|1000  89  94|  149 221  99|  242   2   4|  224  86 104|   62 260 114|  149 428 220|  174   3   1|
Representation of the 20 classes on the set J 
    2    0    0|1000  42  58|  184   0   0|  184 413 485|  250 313 235|   66 146  39|  118  10   3|  197 118  26|
    3    0    0|1000  51  42|  207 134  27|  250   3   2|  217  57  31|   65 258  50|  130 137  31|  130 411  64|
    5    0    0|1000  45  91|  235 262 114|  247   0   0|  198   1   2|  123 264 112|   86 105  52|  111 368 125|
    7    0    0|1000  41  14|  160 318  21|  253  24   7|  213  78  14|   80  74   5|  133 444  34|  160  63   3|
    8    0    0|1000  45  54|  148 205  53|  272  82  89|  185  40  28|   86   1   0|   86 179  52|  222 494  99|
    9    0    0|1000  33  20|  183   0   0|  250   4   2|  183 100  25|  100 107  10|   83 456  49|  200 332  24|
   10    0    0|1000  31  37|  196  29   5|  232  24  18|  196   4   2|  125 483  84|   71 447  91|  179  14   2|
   11    0    0|1000  44  48|  150 204  47|  250   2   2|  225  95  59|   62 247  55|  150 441 115|  162  11   2|
   12    0    0|1000  45  23|  160 200  22|  259  51  24|  185  92  28|  111 447  48|   99 111  14|  185  99   8|
   13    0    0|1000  35  16|  190  24   2|  238  21   7|  190  48  10|   79  65   5|   95 204  17|  206 639  37|
   18    0    0|1000  47  52|  224 298  74|  247   0   0|  188  28  19|  106 126  30|  118  10   3|  118 537 104|
   21    0    0|1000  46  33|  157 194  31|  241   5   4|  205   3   1|   72 137  21|  108   6   1|  217 656  82|
   22    0    0|1000  22  24|  231 417  47|  231  32  15|  179  80  24|  103  85   9|   77 369  47|  179  18   2|
   23    0    0|1000  17  42|  267 550 111|  267  25  21|  167  86  47|   67  73  14|   67 265  61|  167   1   0|
   24    0    0|1000  18  76|  281 448 164|  281  43  67|  125 246 243|   62  62  22|   62 186  78|  187  16   4|
   25    0    0|1000  45  50|  148 222  53|  235  18  18|  222  72  46|   62 255  59|  148 388 105|  185  46   8|
   27   16   20|1000  90  73|  190  12   4|  239   8  12|  215  41  38|   67 212  72|  147 505 201|  141 222  60|
   28    6   26|1000 135  47|  151 593 134|  253  21  20|  204   4   2|   82  44  10|  118  39  10|  192 299  53|
   29    1   15|1000  89  34|  167 142  23|  265 147 102|  179 237 105|   86   2   0|  105  42   8|  198 431  55|
   30    4   17|1000  82 170|  216 106  86|  230  19  66|  209   6  13|  135 454 360|  101  18  17|  108 397 252|
________________________________________________________________________________________________________________
________________________________________________________________________________________________________________
|CDIP ELDR YNGR| QLT WTS IND|   Wo COD CTD|   Wg COD CTD|   Ws COD CTD|   Wn COD CTD|   Hs COD CTD|   Hg COD CTD|
________________________________________________________________________________________________________________
Representation of the 19 dipoles on the set J 
   49   47   48|10001000 400|   60 342 657|   -5   2  17|  -14  17  87|   36 267 500|  -28 123 269|  -49 248 371|
   48   43   45|1000 740 215|  -15  38  40|   19  46 201|  -30 138 384|   19 133 134|  -35 335 393|   41 310 249|
   47   42   46|1000 260 106|  -13  18   9|  -10   7  16|   29  81 112|   29 187  93|   32 181 105|  -67 526 209|
   46   32   35|1000  87  53|   64 316  81|   43 105 114|  -44 139  96|  -51 428 107|   -9  11   3|   -2   0   0|
   45    2   44|1000 313  50|    9  12   3|  -60 396 399|   32 137  88|   -1   1   0|  -24 140  38|   45 315  58|
   44   33   39|1000 271  42|   44 620 124|   -3   2   1|   -5   6   3|   -1   1   0|   -3   4   1|  -32 366  57|
   43   37   41|1000 427  35|  -15 142  24|  -10  40  29|   21 237 107|  -12 195  32|   20 380  72|   -3   7   1|
   42   18   36|1000 173  17|    1   0   0|   11  37  13|  -17 105  23|  -25 524  42|   22 303  29|    8  31   2|
   41   12   40|1000 247  12|   -9  47   3|   -0   0   0|    2   2   0|   24 693  40|    3  10   1|  -20 248  12|
   40   34   38|1000 202  12|   26 533  30|  -24 315  76|    6  24   4|    3  14   1|   -9 108   7|   -3   5   0|
   39    7   31|1000 130   9|   11  75   3|   11  58  11|  -10  60   7|   18 421  18|  -16 255  13|  -14 131   4|
   38    8   29|1000 134  10|  -19 211  10|    6  17   3|    6  21   3|   -0   0   0|  -19 345  18|   25 405  15|
   37   21   28|1000 181   8|    6  27   1|  -12  94  15|    1   0   0|   -9 157   6|  -10 139   6|   25 582  17|
   36    5   30|1000 126   8|   18 250   9|   17 163  26|  -12  96  10|  -12 212   8|  -15 271  12|    3   7   0|
   35   10   22|1000  52   6|  -34 464  14|    1   1   0|   17 103   9|   22 413  13|   -5  19   1|   -1   0   0|
   34    9   13|1000  68   5|   -7  37   1|   12  77   7|   -7  34   2|   21 650  14|  -12 170   4|   -6  32   1|
   33    3   27|1000 141   6|   16 280   8|   11  90  11|    3   7   1|   -2  11   0|  -17 484  16|  -11 129   3|
   32   23   24|1000  34   4|  -15  86   2|  -15  64   6|   42 636  35|    4  15   0|    4  11   0|  -21 188   3|
   31   11   25|1000  89   3|    2   5   0|   15 237  16|    3   9   0|    1   2   0|    2   7   0|  -23 740   9|
________________________________________________________________________________________________________________
