  1  1  1
  2  1  1
  3  1  1
  4  1  1
  5  1  1
  6  1  1
  7  1  1
  8  1  1
  9  1  1
  10  1  1
  11  1  1
  12  1  1
  13  1  1
  14  1  1
  15  1  1
  16  1  1
  17  1  1
  18  1  1
  19  1  1
  20  1  1
  21  1  1
  22  1  1
  23  1  1
  24  2  1
  25  1  1
  26  2  1
  27  1  1
  28  1  1
  29  1  1
  30  1  1
  31  1  1
  32  2  1
  33  1  1
  34  1  1
  35  1  1
  36  1  1
  37  1  1
  38  1  1
  39  1  1
  40  1  1
  41  1  1
  42  2  1
  43  1  1
  44  2  1
  45  1  1
  46  2  1
  47  1  1
  48  1  1
  49  1  1
  50  1  1
  51  2  3
  52  3  3
  53  2  3
  54  4  1
  55  3  3
  56  4  2
  57  2  3
  58  3  1
  59  3  3
  60  4  1
  61  3  1
  62  4  3
  63  4  1
  64  4  3
  65  3  2
  66  3  3
  67  4  3
  68  4  2
  69  4  4
  70  4  1
  71  3  3
  72  3  2
  73  4  4
  74  4  3
  75  4  3
  76  3  3
  77  3  4
  78  2  3
  79  4  3
  80  3  1
  81  4  1
  82  4  1
  83  4  2
  84  4  4
  85  3  2
  86  3  3
  87  2  3
  88  4  3
  89  3  2
  90  4  1
  91  4  1
  92  4  3
  93  4  2
  94  3  1
  95  4  2
  96  3  2
  97  3  2
  98  4  3
  99  3  1
  100  4  2
  101  1  4
  102  4  4
  103  1  4
  104  2  3
  105  1  4
  106  1  4
  107  4  1
  108  1  4
  109  2  4
  110  1  4
  111  2  3
  112  3  4
  113  1  4
  114  4  4
  115  2  4
  116  1  4
  117  2  3
  118  1  4
  119  1  4
  120  4  4
  121  1  4
  122  4  4
  123  1  4
  124  3  4
  125  1  4
  126  1  4
  127  3  4
  128  3  4
  129  2  4
  130  2  4
  131  1  4
  132  1  4
  133  2  4
  134  4  4
  135  4  4
  136  1  4
  137  1  4
  138  2  3
  139  3  4
  140  1  4
  141  1  4
  142  1  4
  143  4  4
  144  1  4
  145  1  4
  146  1  4
  147  3  4
  148  2  3
  149  1  3
  150  3  4
