  1  1    1      44 0.20 0.59 0.08 0.06
  1  2    2       0 0.30 0.57 0.22 0.21
  1  3    3       1 0.67 0.48 0.75 0.78
  1  4    4      24 0.70 0.46 0.78 0.81
  2  1    5       6 0.23 0.53 0.16 0.14
  2  2    6       0 0.33 0.51 0.30 0.28
  2  3    7      10 0.63 0.44 0.71 0.73
  2  4    8       5 0.66 0.44 0.75 0.77
  3  1    9       5 0.30 0.29 0.41 0.39
  3  2   10       6 0.41 0.34 0.50 0.47
  3  3   11       7 0.52 0.35 0.64 0.63
  3  4   12       8 0.55 0.35 0.67 0.65
  4  1   13       9 0.34 0.26 0.50 0.46
  4  2   14       6 0.40 0.29 0.53 0.49
  4  3   15       9 0.48 0.32 0.61 0.59
  4  4   16      10 0.51 0.32 0.64 0.62
