          35251.7148          33920.7891          32586.0352          31252.2090          29928.2773
          28533.6328           8869.3486           7266.7256           6217.8853           5536.8521
           4353.3281          -1557.9846          -1752.5137          -1558.9849           -744.6783
          -1675.1990
          33920.7891          32643.2285          31361.9727          30081.5801          28810.6973
          27472.0098           8589.7549           7038.3672           6021.7666           5365.9873
           4211.5547          -1514.0601          -1702.8279          -1511.8484           -715.9240
          -1623.8472
          32586.0352          31361.9727          30134.4023          28907.5664          27689.8672
          26407.3398           8310.3242           6810.0288           5825.5371           5194.8770
           4069.1396          -1469.6580          -1652.7109          -1464.5671           -687.7197
          -1572.8063
          31252.2090          30081.5801          28907.5664          27734.2500          26569.6660
          25343.1777           8028.7090           6580.0933           5628.1128           5022.6675
           3926.4548          -1425.3447          -1602.5304          -1416.9465           -658.6882
          -1520.9213
          29928.2773          28810.6973          27689.8672          26569.6660          25457.9043
          24287.0898           7748.3369           6351.1865           5431.3853           4850.7437
           3784.1963          -1380.3390          -1551.7174          -1368.9702           -630.3954
          -1469.0675
          28533.6328          27472.0098          26407.3398          25343.1777          24287.0898
          23175.1777           7461.3145           6116.8867           5230.0625           4675.0073
           3636.2275          -1334.8979          -1500.3452          -1320.5508           -601.2966
          -1416.2046
           8869.3486           8589.7549           8310.3242           8028.7090           7748.3369
           7461.3145           3838.9045           3152.5154           2691.2622           2462.6047
           1598.2870           -780.5808           -872.3364           -707.7864           -207.1793
           -744.3231
           7266.7256           7038.3672           6810.0288           6580.0933           6351.1865
           6116.8867           3152.5154           2595.2375           2215.8181           2026.9939
           1321.1204           -640.7642           -714.7698           -568.8975           -155.7238
           -598.1509
           6217.8853           6021.7666           5825.5371           5628.1128           5431.3853
           5230.0625           2691.2622           2215.8181           1896.0154           1734.8950
           1133.2129           -550.1969           -613.2468           -482.2525           -125.6929
           -505.0824
           5536.8521           5365.9873           5194.8770           5022.6675           4850.7437
           4675.0073           2462.6047           2026.9939           1734.8950           1597.8022
           1048.4629           -517.3432           -575.9377           -452.6154           -108.9438
           -469.5796
           4353.3281           4211.5547           4069.1396           3926.4548           3784.1963
           3636.2275           1598.2870           1321.1204           1133.2129           1048.4629
            764.3611           -338.8519           -375.2630           -285.7074            -57.8120
           -293.3028
          -1557.9846          -1514.0601          -1469.6580          -1425.3447          -1380.3390
          -1334.8979           -780.5808           -640.7642           -550.1969           -517.3432
           -338.8519            184.4639            203.5351            163.6128             29.7414
            160.2430
          -1752.5137          -1702.8279          -1652.7109          -1602.5304          -1551.7174
          -1500.3452           -872.3364           -714.7698           -613.2468           -575.9377
           -375.2630            203.5351            225.4251            183.8906             38.2442
            181.9813
          -1558.9849          -1511.8484          -1464.5671          -1416.9465          -1368.9702
          -1320.5508           -707.7864           -568.8975           -482.2525           -452.6154
           -285.7074            163.6128            183.8906            188.1173             77.8053
            185.8330
           -744.6783           -715.9240           -687.7197           -658.6882           -630.3954
           -601.2966           -207.1793           -155.7238           -125.6929           -108.9438
            -57.8120             29.7414             38.2442             77.8053             74.8124
             84.0212
          -1675.1990          -1623.8472          -1572.8063          -1520.9213          -1469.0675
          -1416.2046           -744.3231           -598.1509           -505.0824           -469.5796
           -293.3028            160.2430            181.9813            185.8330             84.0212
            197.3103
