gcc gmm-bic.c -lm -o gmm-bic

gmm-bic 3 749 oil.dat
Number of clusters wanted: 3.
Number of input data values: 749.
Check on first 10 values of input data:
 17.4 17.5 17.7 17.7 17.4 17.4 17.7 17.7 17.5 17.9
Min and max values =  16.790001, 26.620001
Greyscale histogram follows, 256 values.
1 0 2 1 0 1 1 0 1 1 3 2 1 7 4 7 4 6 6 9 3 2 8 6 8 8 7 5 3 4 8 3 5 2 1 1 3 5 5 6 2 5 5 3 3 7 4 6 6 7 3 7 2 4 7 5 6 3 7 3 7 10 1 5 8 2 5 5 5 5 5 10 6 10 9 4 6 5 7 3 10 4 3 5 6 7 6 1 2 2 10 6 3 8 4 6 3 0 3 3 6 9 4 4 2 2 2 3 5 7 6 3 7 3 6 3 4 3 3 7 3 3 2 4 1 3 1 2 0 3 0 3 2 3 4 1 2 1 4 2 3 4 2 2 1 5 2 3 1 0 0 1 2 3 4 2 0 1 0 0 0 2 2 1 0 0 1 1 1 1 5 1 1 1 0 1 1 2 1 1 6 0 2 2 3 2 0 1 4 0 5 3 1 2 2 2 1 2 1 4 2 0 1 0 2 1 1 4 1 4 1 1 1 0 2 4 0 1 2 1 1 1 1 2 0 0 2 0 2 2 1 1 3 0 0 0 3 1 0 0 0 1 0 1 2 0 0 0 3 0 0 0 0 1 0 2 
Convergence criterion  0.007490 

Loglikelihood:             -4022.249271 
BIC:          -8097         No.clusters: 3 

Now determining posteriors, for each pixel.
Labels are 1, 2, ... no. clusters.
Segment,  Mu,       SD, Mix.Prob, Card.
1, 17.599658, 0.207652, 0.119210,  105
2, 19.807108, 1.216655, 0.679207,  502
3, 24.131935, 1.087963, 0.201583,  142
Labels follow, n values.
1 1 1 1 1 1 1 1 1 1 2 2 2 2 2 2 2 2 2 2 2 2 2 2 2 2 2 2 2 2 2 2 2 2 2 2 2 2 2 2 2 2 2 2 2 2 2 1 2 1 2 2 2 2 2 2 2 2 2 2 2 2 2 2 2 2 2 2 2 2 2 2 2 2 2 2 2 2 2 2 2 2 2 2 2 2 2 2 2 2 2 2 2 2 2 2 2 2 2 2 2 2 2 2 2 2 2 2 2 2 2 2 2 2 2 2 2 2 2 2 1 1 1 1 1 2 1 1 1 1 1 1 1 1 1 1 1 1 1 1 1 2 2 2 2 1 1 1 1 1 1 1 1 1 1 1 1 1 1 1 1 1 1 2 2 2 1 1 1 1 1 1 2 2 2 2 2 2 2 2 2 2 2 2 2 2 1 1 1 1 1 1 1 1 1 1 2 2 1 1 1 1 1 1 1 1 1 1 1 1 1 1 1 1 1 1 2 1 1 1 1 1 1 1 1 1 2 2 2 2 2 2 2 2 2 2 2 2 2 2 2 2 2 2 2 2 2 2 2 2 2 2 2 2 2 2 2 2 2 2 2 2 2 2 2 2 2 2 2 2 2 2 2 2 2 2 1 1 1 1 1 1 1 1 1 1 1 1 2 2 2 2 2 2 2 2 2 2 2 2 2 2 2 2 2 2 2 2 2 2 2 2 2 3 3 3 2 2 2 2 2 2 2 2 3 2 3 3 3 3 3 3 3 3 3 3 3 3 3 3 2 2 2 2 2 2 2 2 2 2 2 2 2 2 2 2 2 2 3 3 2 2 2 2 2 2 2 2 2 2 2 2 2 2 2 2 2 2 2 2 2 2 2 2 2 2 2 2 2 2 2 2 2 2 2 2 2 2 3 2 2 2 2 2 2 2 2 2 2 2 2 2 2 2 2 2 2 2 2 2 2 2 3 3 3 2 2 2 2 2 2 2 2 2 3 3 3 3 3 3 3 3 3 3 3 3 3 3 3 3 3 3 3 3 3 3 3 3 3 3 3 3 3 3 3 3 3 3 3 3 3 3 3 3 3 3 3 3 3 3 3 3 3 3 3 3 3 3 3 3 3 3 3 3 3 3 3 3 3 3 3 3 3 3 3 3 3 3 3 3 3 3 3 3 3 3 3 3 3 3 3 3 3 3 3 3 3 3 3 3 3 3 3 3 3 3 3 3 3 3 3 3 3 3 3 3 3 3 2 3 2 2 2 2 2 3 3 2 2 2 2 2 2 2 2 2 2 2 2 2 2 2 2 2 2 2 2 2 2 2 2 2 2 2 2 2 2 2 2 2 2 2 2 2 2 2 2 2 2 2 2 2 2 2 2 2 2 2 2 2 2 2 2 2 2 2 2 2 2 2 2 2 2 2 2 2 2 2 2 2 2 2 2 2 2 2 2 2 2 2 2 2 2 2 2 2 2 2 2 2 2 2 2 2 2 2 2 2 2 2 2 2 2 2 2 2 2 2 2 2 2 2 2 2 2 2 2 2 2 2 2 2 2 2 2 2 2 2 2 2 2 2 2 2 2 2 2 2 2 2 2 2 2 2 2 2 2 2 2 2 2 2 2 2 2 3 2 2 2 2 2 2 2 2 2 2 2 2 2 2 2 2 2 2 2 2 2 2 2 2 2 2 2 2 2 2 2 2 2 
Finished.
