        1  164     188.64      11.44     14.774
        2  314     137.20      14.85     15.712
        3  891      59.66      16.23     17.348
        4  181      37.76      27.12     14.978
        5    6      62.65      28.25     12.177
        6  980      77.24      28.26     17.566
        7  962      99.41      41.52     17.475
        8  241     189.77      46.18     15.398
        9  723      75.14      46.26     17.090
       10   57      95.64      50.49     13.739
       11  204     163.84      65.41     15.128
       12   15     126.72      66.42     12.688
       13  934     171.07      66.72     17.447
       14 1667     256.44      67.34     19.245
       15  108     146.51      76.05     14.398
       16  452      20.60      77.51     16.213
       17  229     236.27      80.43     15.354
       18   21     164.49      82.70     12.900
       19 1291     210.38      86.92     18.281
       20  488     280.70      89.31     16.377
       21  840     199.89     101.53     17.267
       22  348     183.20     102.67     15.845
       23  105     244.60     107.57     14.332
       24   11     102.25     110.51     12.466
       25   71      49.07     116.85     13.929
       26 1894     226.14     117.54     18.337
       27 1551     243.30     119.65     19.096
       28   44     275.71     119.68     13.507
       29 1240      72.77     121.58     18.066
       30 1429     113.52     123.91     18.503
       31  269     236.29     131.12     15.595
       32   72     147.51     134.51     13.931
       33 1158     224.02     137.06     17.880
       34  145     113.61     137.71     14.656
       35  101     209.34     141.05     14.303
       36  116     169.41     150.68     14.440
       37  231      66.70     153.75     15.288
       38  139     100.56     153.81     14.629
       39  299      26.12     169.04     15.649
       40  117     225.71     170.34     14.439
       41   22     162.46     175.18     12.920
       42   60     203.58     178.18     13.771
       43   58     251.89     181.55     13.746
       44   74     135.30     183.10     14.002
       45   51      98.12     183.39     13.680
       46  102      64.65     187.50     14.308
       47   40     240.44     190.00     13.417
       48  280      46.21     193.06     15.622
       49 1067     231.62     198.19     17.675
       50  217     116.37     198.93     15.251
       51   77     218.41     200.17     14.040
       52  745     259.15     200.76     17.276
       53  329     194.41     217.73     15.791
       54   87      92.03     222.67     14.164
       55  451      84.26     233.84     16.252
       56 1147     179.88     234.59     17.960
       57 1572      18.02     235.32     19.073
       58  309      99.61     242.13     15.683
       59 1268     166.84     245.53     17.991
       60 1060     178.65     254.70     17.642
       61  121     257.59     255.72     14.476
       62  271      30.99     258.04     15.570
       63  218      94.98     260.88     15.214
       64  256     293.41     268.99     15.579
       65   19     243.72     270.40     12.863
       66  328      12.13     271.51     15.788
       67   49     207.15     272.37     13.646
       68  187      42.58     273.24     14.993
       69  151     296.22     280.72     14.746
       70  251      79.22     283.35     15.401
       71   38     186.15     287.29     13.414
       72   34     218.99     294.03     13.308
       73  512      68.11     301.24     16.427
       74 1105      57.01     304.52     17.826
       75    4     249.15     310.30     12.098
       76 1007      54.10     311.75     17.818
       77  133      57.68     318.35     14.592
       78    2     126.05     319.52     11.937
       79  205     179.88     324.85     15.143
       80   24     118.19     330.72     13.016
       81   83     156.36     331.51     14.107
       82   14       6.32     334.84     12.655
       83  268     241.32     338.52     15.545
       84   78      45.94     340.17     14.046
       85  808      30.27     341.31     17.199
       86  694     148.76     341.97     17.031
       87  232     204.72     342.53     15.301
       88  477     102.45     342.69     16.346
       89  510     155.37     343.57     16.465
       90 1425     291.71     344.45     18.533
       91   52      72.73     344.87     13.687
       92  179      40.96     346.74     14.951
       93  801      47.57     353.96     17.352
       94  247     301.31     356.42     15.384
       95  103     256.39     357.87     14.314
       96  446      36.04     358.36     16.215
       97   37      55.41     359.44     13.416
       98  563     136.34     361.64     16.627
       99   12      98.89     362.66     12.524
      100 1403     197.01     363.55     18.850
      101   46     244.20     367.52     13.633
      102  815     284.94     367.77     17.251
      103  346      91.54     369.53     15.885
      104  506      77.16     369.68     16.620
      105    3     175.73     388.10     12.006
      106   91     136.68     402.32     14.193
      107  104      34.39     402.47     14.316
      108 1530      26.31     403.38     19.416
      109  109     216.15     405.27     14.380
      110   43     165.24     415.14     13.500
      111  310     185.67     415.65     15.670
      112  989     134.68     416.71     17.758
      113    9     210.30     419.74     12.349
      114  362     284.90     421.28     15.917
      115 2000     310.63     422.19     11.855
      116 1641     133.64     428.52     19.108
      117  474     278.00     436.14     16.348
      118   88     243.16     440.39     14.171
      119  412     224.85     447.18     16.116
      120  541      72.50     453.09     16.518
      121  154     186.81     453.53     14.712
      122  579     237.10     467.97     16.793
      123 1098      47.33     474.74     17.883
      124 1725     112.51     476.85     19.466
      125   18      20.88     477.59     12.838
      126  377     247.64     478.42     16.034
      127  113     183.33     481.18     14.432
      128    7     114.06     501.24     12.251
      129  922     197.42       4.56     17.505
      130  757      57.62       5.63     17.102
      131  783     218.13       7.72     17.067
      132 1021     289.70       8.43     17.572
      133 1058     253.91       9.87     17.620
      134  882     278.79      10.96     17.351
      135 1052     211.47      11.39     17.611
      136  576     143.30      11.80     16.691
      137  250     300.98      13.67     15.527
      138  737      65.94      13.86     17.137
      139  851      96.81      15.10     17.274
      140   64     295.06      15.97     13.796
      141  919     130.97      17.15     17.809
      142  375     275.74      17.31     15.946
      143 1495     110.96      17.39     18.894
      144 1940       2.48      17.95     14.193
      145 1546     247.73      17.97     19.060
      146  257      46.32      18.30     15.447
      147 1756     193.76      21.79     19.876
      148  637     101.94      22.23     16.751
      149   81     227.76      22.66     14.090
      150 1700     240.50      23.68     19.691
      151  552     151.07      25.30     16.583
      152  171     170.40      26.79     14.871
      153  605      15.11      30.53     16.756
      154  707      11.30      33.63     17.113
      155  297     289.74      31.08     15.638
      156  553     165.59      31.26     17.089
      157  898     240.73      31.49     17.335
      158 1207     202.21      31.51     18.629
      159 1340     250.14      33.08     18.239
      160 1295      81.46      34.17     18.309
      161  238       5.59      36.79     15.325
      162 1926     222.46      37.08     11.849
      163  624      68.12      38.77     16.820
      164  964     133.82      40.29     17.559
      165  771     140.61      39.59     17.102
      166  695     197.11      45.08     16.998
      167  671      36.11      40.58     16.859
      168  401     207.61      42.06     16.070
      169  141     280.96      43.38     14.628
      170 1681      56.91      44.99     19.222
      171  687      70.16      45.21     16.974
      172  534      88.65      46.26     16.652
      173  368     300.74      48.12     15.895
      174  137     109.96      48.16     14.667
      175  240     107.35      51.60     15.923
      176  184     168.98      48.21     14.953
      177  577      23.83      48.51     16.824
      178   89      30.60      49.24     14.168
      179 1036      79.56      49.88     18.258
      180  277      39.75      50.81     15.603
      181  839      59.28      52.55     17.220
      182 1202      55.06      54.74     18.722
      183  291     141.33      53.58     15.626
      184  183      47.89      53.63     14.944
      185  598     171.91      55.76     16.994
      186 1012      18.07      61.37     17.771
      187  444      76.26      64.34     16.303
      188 1201     213.17      61.59     18.427
      189  278     207.51      61.74     15.625
      190   36     274.50      61.78     13.395
      191  460      98.08      63.18     16.288
      192   42     141.25      64.69     13.550
      193  565     207.66      66.81     17.244
      194 1184     102.97      68.32     18.262
      195   76     142.50      69.81     14.190
      196  295     232.39      70.23     15.660
      197  353      46.95      72.90     15.895
      198  535      58.15      72.95     16.643
      199  487     106.00      73.15     16.421
      200  853     224.28      74.11     17.292
      201  558      42.68      76.16     16.739
      202  157     171.13      77.10     14.771
      203  156     109.46      80.11     14.723
      204 1465       7.41      81.65     19.551
      205  719     308.58      81.43     17.133
      206  404     216.88      84.32     16.080
      207  736      38.51      84.51     16.946
      208  733      70.35      84.52     17.020
      209 1426      87.31      88.19     18.231
      210  430      26.44      86.13     16.152
      211  987     221.81      86.16     17.936
      212   45     299.50      87.54     13.513
      213  803     106.17      87.92     17.297
      214 1144     175.89      94.22     18.444
      215  961     124.72      90.95     17.395
      216  792      47.34      91.44     17.153
      217  646      26.54      95.19     16.768
      218   17     156.05      95.00     12.777
      219 1008      45.46     102.32     17.577
      220  602      34.38     101.00     16.744
      221 1081     119.08     102.27     17.731
      222   48     107.57     102.65     13.644
      223  608     133.09     102.97     16.668
      224  390      90.54     102.98     16.052
      225 1289     293.66     104.20     18.126
      226  142     225.39     105.11     14.635
      227  134      21.56     106.61     14.590
      228  542     203.92     107.37     16.532
      229 1005      45.74     108.49     17.927
      230 1217     159.30     109.25     18.237
      231 1263     123.54     109.83     18.002
      232  575     221.06     111.58     16.731
      233 1430     210.29     112.25     18.442
      234  690     289.60     118.05     16.835
      235 1186     159.37     121.81     18.060
      236  761      12.32     125.07     17.356
      237 1134      18.39     127.92     17.809
      238  195     242.75     129.05     15.060
      239  770     127.97     130.11     17.127
      240 1591     202.53     132.37     19.172
      241  813      57.32     133.74     17.233
      242 1322      59.97     137.80     18.892
      243  883     256.54     132.49     17.326
      244 1622     280.63     133.05     18.952
      245 1617     192.22     134.00     18.950
      246  128      87.20     134.76     14.537
      247  708      79.20     141.39     17.035
      248  335     267.85     138.25     15.793
      249  938     131.56     144.27     17.439
      250  273      41.50     141.32     15.544
      251  545     196.33     141.66     16.528
      252  294     275.63     150.35     15.697
      253  746       5.91     144.64     17.005
      254  636      67.27     145.99     16.772
      255 1274      78.44     146.50     18.368
      256 1265      44.56     149.03     18.277
      257 1220      83.02     150.06     18.090
      258    8     311.50     153.17     12.288
      259 1566     217.47     153.64     18.781
      260 1176     208.15     154.17     17.885
      261  222     178.04     155.66     15.250
      262  396     271.93     158.45     16.143
      263  415     276.62     159.65     16.236
      264  160     245.21     159.17     14.746
      265 1460     208.53     159.37     18.749
      266 1048      17.96     160.01     17.648
      267  869     191.87     166.87     17.291
      268  419     254.67     162.39     16.142
      269  858     135.85     163.62     17.238
      270   35      37.41     164.22     13.331
      271 1480      74.53     164.46     19.119
      272 1091     210.36     166.68     17.674
      273  536     232.72     168.98     16.726
      274 1513     196.39     169.57     19.220
      275  527     267.97     170.62     16.484
      276 1433     129.23     170.77     19.644
      277 1531     130.13     174.81     19.174
      278    5      48.25     170.97     12.120
      279  530      97.26     171.06     16.505
      280  614      91.60     173.95     16.756
      281 1358     274.17     174.14     18.415
      282 1360     282.28     174.19     18.228
      283  307      38.72     178.77     15.687
      284  418      12.06     179.31     16.136
      285 1129     307.33     182.38     17.959
      286  485      88.98     182.67     16.503
      287  773     298.63     182.75     17.180
      288  832       5.36     183.02     17.174
      289 1564     273.35     183.36     18.881
      290 1016     226.98     185.27     17.440
      291  206     177.31     186.48     15.152
      292  175      52.63     189.84     14.924
      293 1319     152.18     190.49     18.489
      294  489     199.01     191.66     16.428
      295 1029     212.72     192.98     18.171
      296 1262     306.94     194.41     18.621
      297  863       5.44     195.02     17.247
      298   75      37.30     197.50     14.012
      299  345     151.93     198.48     16.154
      300  317     151.62     202.47     15.998
      301 1065     207.97     203.70     18.653
      302 1017      46.41     203.85     18.084
      303 1922       2.18     204.08     17.534
      304  361     282.57     207.22     15.890
      305  100      52.79     207.97     14.309
      306   92     225.59     208.30     14.191
      307 1435     239.40     209.87     18.300
      308 1486     309.76     211.11     18.576
      309  274      80.02     214.19     15.701
      310  227     133.54     215.53     15.270
      311  997     156.54     215.66     17.598
      312  197     286.70     216.10     15.384
      313  836     245.09     217.05     17.239
      314 1686      56.85     217.06     19.334
      315  551     302.81     217.12     16.594
      316   56     210.69     218.33     13.726
      317 1458       8.75     219.64     18.403
      318  402     231.00     225.23     16.120
      319   50     182.18     223.10     13.663
      320  190      27.55     224.19     15.006
      321 1590     283.55     224.85     19.156
      322 1364     151.20     225.69     18.277
      323   66     247.35     227.41     13.807
      324 1024     271.54     229.68     17.575
      325 1404      23.13     234.85     18.368
      326 1787     257.39     235.07     20.688
      327  458      88.12     238.82     16.295
      328  982     123.03     242.62     17.629
      329   26       5.53     244.77     13.086
      330  526      19.93     244.79     16.459
      331  216      29.35     245.08     15.261
      332  754     225.56     245.17     17.017
      333  123     252.24     246.54     14.509
      334  585      61.72     246.58     16.646
      335  929     110.74     246.93     17.460
      336  110      78.70     247.92     14.375
      337  662     116.48     250.52     16.810
      338 1585     157.85     257.75     19.910
      339  376       6.34     251.85     16.456
      340  990      39.43     261.19     17.924
      341   70      65.87     261.63     13.919
      342  532     214.73     262.42     16.728
      343  670      16.11     264.88     16.879
      344 1212     189.07     265.45     18.334
      345  272      47.20     268.26     15.784
      346 1149      23.65     268.80     18.076
      347 1637     220.90     271.86     19.196
      348 1472     176.42     272.79     18.941
      349   30     299.90     272.86     13.190
      350 1222      67.10     274.53     18.279
      351 1258      79.23     274.85     18.186
      352  630      94.36     274.86     16.835
      353  416      29.41     276.65     16.248
      354  351     102.51     279.41     16.082
      355  387     100.54     282.61     16.396
      356 1375      10.29     279.99     18.415
      357 1330      86.29     281.01     18.313
      358 1710     132.15     281.63     19.334
      359  742     301.68     283.43     17.641
      360  703     203.53     284.85     17.468
      361  700     206.50     284.89     17.279
      362  439      65.58     285.00     16.197
      363  640     270.14     286.93     16.892
      364  625     265.51     288.28     16.838
      365  556     158.43     287.85     16.643
      366  720     151.01     288.91     17.113
      367  373      96.60     289.88     16.558
      368 1020     236.11     294.05     17.528
      369  604     279.55     294.09     16.920
      370 1542     127.97     298.44     19.153
      371 1248     161.67     294.99     18.461
      372  400     201.16     295.36     16.133
      373  999     285.06     299.36     17.961
      374 1205      75.70     299.91     18.159
      375  363      31.31     296.18     15.896
      376  340     207.56     297.10     15.902
      377 1335      80.57     297.18     18.265
      378 1705      54.63     298.31     20.355
      379  381     278.07     299.02     16.048
      380  459     184.29     299.23     16.373
      381  523      38.87     299.48     16.511
      382 1701     104.20     301.61     19.295
      383 1521     162.15     303.01     18.884
      384  822       5.14     304.19     17.314
      385 1544     205.06     306.54     18.774
      386   13     297.42     308.08     12.574
      387  901      63.01     308.21     17.627
      388  739      65.92     311.87     17.088
      389 1659     178.11     308.97     20.378
      390   59     187.36     312.99     13.764
      391 1139     178.85     314.73     18.408
      392  547     173.50     315.37     16.548
      393 1525     107.47     319.22     19.123
      394  168     159.92     317.51     14.816
      395  486     210.54     321.07     16.540
      396  370     152.28     321.35     16.057
      397  481     186.92     322.78     16.597
      398 1002       7.31     323.39     17.658
      399  802      26.32     325.06     17.088
      400  592     287.95     325.82     16.874
      401  236     210.78     326.85     15.327
      402  336      46.12     328.33     15.800
      403 1213      82.25     328.49     18.342
      404 1200     204.33     332.54     18.329
      405 1023     199.68     332.88     17.652
      406  490     143.08     334.02     16.783
      407 1452      98.74     334.22     18.493
      408 1003      23.28     334.47     17.594
      409 1125     295.56     334.60     17.886
      410 1197     217.36     339.82     18.437
      411  603     151.16     336.39     16.982
      412  350     127.61     336.80     15.889
      413  641     309.80     337.10     16.794
      414 1175     193.51     337.13     17.907
      415  186     163.48     338.11     14.988
      416  106     137.78     338.60     14.371
      417 1199     183.32     339.09     18.123
      418 1112     281.54     342.38     17.844
      419 1121     107.71     340.47     17.941
      420  364      81.99     342.31     15.946
      421  795     176.86     342.33     17.139
      422  825     241.98     345.02     17.379
      423  253     212.87     345.90     15.423
      424  163     252.18     347.23     14.763
      425  873     196.71     348.55     17.249
      426 1194     293.27     350.32     17.944
      427  494      59.30     351.65     16.530
      428  918     286.76     352.26     17.492
      429  818     283.09     354.90     17.314
      430  943     143.58     356.48     17.871
      431  649      67.50     355.95     16.904
      432 1102     294.68     356.50     18.056
      433  659     239.89     357.83     16.916
      434  505     234.17     357.84     16.494
      435  950      44.11     359.93     17.547
      436 1658      22.39     360.94     18.983
      437  284      67.54     363.66     15.650
      438 1775     301.19     365.26     20.568
      439  193     182.70     365.54     15.060
      440  285      81.47     366.26     15.630
      441 1708      13.78     367.23     19.591
      442  281     277.26     367.29     15.622
      443 1219     161.52     370.39     17.974
      444  464     119.22     371.82     16.280
      445 1389     167.83     371.81     18.442
      446  991      72.54     372.17     17.847
      447 1387     299.53     372.85     18.541
      448  921     230.55     377.02     17.401
      449   79     290.27     375.38     14.064
      450  667      59.63     375.66     16.849
      451  826     123.57     379.93     17.310
      452 1236     309.91     378.21     18.289
      453 1733     189.53     380.79     19.299
      454 1174     289.00     388.94     18.431
      455  874      90.50     386.29     17.280
      456  861     159.98     386.44     17.330
      457 1969       2.19     387.32     15.790
      458   20     248.50     388.69     12.887
      459  178     121.52     390.37     15.070
      460  513     116.82     391.39     17.102
      461 1282     197.77     395.28     18.662
      462  698     231.08     392.75     16.916
      463  411     221.04     393.87     16.211
      464  331     155.41     394.82     15.784
      465   10     127.47     395.48     12.393
      466  120     108.03     395.64     14.502
      467  774     168.44     397.82     17.103
      468 1146     159.44     398.58     18.250
      469 1019     211.16     400.60     18.279
      470  246     311.06     400.83     15.402
      471  684     230.04     403.17     16.890
      472 1409     283.04     410.46     18.472
      473 1333     120.56     407.72     18.869
      474  287     223.98     408.00     15.639
      475  557     115.44     410.11     16.670
      476  766     117.48     413.97     17.730
      477 1075     117.15     417.63     18.052
      478  302     144.65     412.02     15.720
      479  323     234.96     415.19     15.778
      480 1394     125.68     413.95     18.852
      481 1376     105.17     414.73     18.407
      482  816     293.57     415.77     17.128
      483 1485     197.60     416.40     18.760
      484  382     147.36     417.41     16.066
      485 1541     280.69     417.54     20.326
      486   69      40.20     418.59     13.909
      487  456     256.23     418.63     16.335
      488 1126     269.47     418.93     17.803
      489  567      24.19     419.16     16.584
      490  501     251.08     419.53     16.498
      491  850      18.40     421.16     17.262
      492  984     193.56     427.15     17.757
      493 1758     132.09     423.12     21.489
      494  548      10.79     423.52     16.613
      495  860     221.72     424.52     17.499
      496 1512     245.90     424.67     19.049
      497 1718     277.76     427.38     20.287
      498  420     297.55     427.75     16.177
      499  230      75.52     428.68     15.278
      500 1106      34.19     429.05     17.782
      501 1034     123.86     429.16     17.482
      502 1379     177.55     430.26     18.522
      503 2004     229.01     431.69     12.199
      504 1556     155.28     439.45     19.209
      505 1552     151.30     440.61     19.024
      506 1459      30.52     433.33     18.810
      507  148     249.22     434.27     14.694
      508    1     207.61     434.47     11.879
      509   23      64.79     434.71     13.000
      510  423      12.90     434.81     16.124
      511 2003     312.58     434.81     18.729
      512 1671      21.34     435.17     18.985
      513 1549      43.77     436.30     19.513
      514  821      34.66     437.48     17.175
      515  479     219.43     444.54     16.507
      516  986     273.88     443.98     18.695
      517  475      44.82     444.13     16.365
      518  359       8.48     444.35     15.890
      519  597     105.25     444.80     16.769
      520 1196      88.49     448.81     18.186
      521  432      71.94     445.79     16.793
      522  463      52.23     445.82     16.328
      523  593     168.76     446.16     17.229
      524  543     166.96     448.85     16.959
      525 1233     299.88     446.90     18.096
      526  809     158.40     457.61     17.951
      527 1074     191.87     448.47     17.997
      528 1251     173.41     448.90     18.363
      529 1528     116.69     453.99     18.589
      530   29     240.64     454.14     13.164
      531  292      41.12     454.95     15.639
      532  347     290.18     455.00     15.849
      533 1347      61.79     455.04     18.243
      534 1444     251.09     455.14     18.782
      535 1507     255.42     456.79     19.906
      536 1331     274.37     455.56     19.049
      537  800     213.79     457.32     17.142
      538 1151      25.88     457.91     17.866
      539 1634      56.41     460.22     18.933
      540 1361     117.50     461.26     18.412
      541  954      70.60     462.03     17.486
      542 1022      68.07     466.24     17.799
      543 1056     134.07     462.35     17.701
      544  683     109.46     462.41     16.879
      545  385       6.50     462.72     16.014
      546 1283      43.38     465.04     18.338
      547 1080     244.32     465.81     17.691
      548 1461     103.60     469.11     18.710
      549 1392     213.93     468.75     18.499
      550 1539     120.88     469.73     18.591
      551 1344     148.43     470.25     18.358
      552  313      35.71     472.10     15.747
      553  848     184.01     472.83     17.438
      554  311      56.93     473.78     15.710
      555  298     133.58     476.23     15.657
      556  596     283.14     479.89     16.826
      557 1515      46.91     480.38     18.791
      558 1532      95.87     480.49     18.654
      559 1302     158.19     485.32     18.959
      560 1123     161.22     487.29     17.975
      561 1746      13.79     485.64     19.868
      562  267     180.77     486.09     15.884
      563 1606     196.22     487.19     19.519
      564  735      46.25     489.66     17.131
      565 1309     220.59     491.78     18.268
      566  811     238.26     496.92     17.546
      567  107     153.52     494.33     14.373
      568 1326     214.06     494.91     18.198
      569 1436      28.30     497.37     18.942
      570 1165     164.08     495.97     17.912
      571  166      66.30     496.12     14.823
      572 1329     186.41     496.12     18.151
      573   62      94.19     496.40     13.778
      574  992      56.15     497.26     17.492
      575 1111      33.01     499.87     17.642
      576  322     299.88     500.71     15.765
      577  146     198.84     503.62     14.667
      578  831     155.06     503.69     17.361
      579 1883      68.85       2.39     18.552
      580 1935     304.25       2.95     17.224
      581  354      64.06       5.26     15.859
      582 1030     191.65       5.72     18.067
      583 1288     229.02       7.08     18.028
      584  786     245.47       7.20     17.192
      585 1178      91.87       7.29     17.909
      586 1744     234.29       8.86     20.097
      587 1648     234.26      13.82     19.395
      588 1511     270.76      10.42     18.622
      589  365     169.40      11.90     15.940
      590  426      82.66      12.72     16.168
      591 1332      11.30      14.46     18.451
      592  981      32.07      15.86     18.153
      593  570      87.47      16.31     16.662
      594 1108     146.53      17.03     17.928
      595 1369     210.92      17.63     18.411
      596 1127      76.63      18.70     17.823
      597 1616     202.17      19.52     19.056
      598 1378      94.21      20.38     18.823
      599 1834      91.34      24.02     20.780
      600 1068     171.41      20.51     18.456
      601  648     217.21      20.93     16.754
      602  846      18.61      21.92     17.231
      603 1663     245.26      26.86     19.492
      604  480      23.41      30.75     16.431
      605  538      28.02      31.70     17.105
      606 1519     114.20      31.12     18.740
      607 1766      91.67      31.91     19.328
      608  617     130.10      32.40     16.688
      609 1210     301.33      33.03     17.964
      610   84      42.17      33.03     14.131
      611  126     186.13      35.30     14.520
      612  521      46.15      39.97     16.630
      613  734     149.36      37.31     17.232
      614 1304     240.31      39.62     18.811
      615 1449      81.74      39.97     18.782
      616  666     110.69      41.48     17.256
      617 1786     119.70      42.48     19.826
      618 1191      19.34      42.97     17.797
      619  610     251.83      43.54     17.943
      620  442     253.98      46.05     16.319
      621 1277     229.03      47.58     18.309
      622 1025     180.03      51.15     17.927
      623 1388      14.25      52.44     18.369
      624  622     292.20      55.24     16.745
      625  660     283.87      55.72     16.928
      626  905     287.92      58.48     17.905
      627 1208     221.56      60.08     17.869
      628 1693     244.32      58.55     19.239
      629 1088     106.02      60.70     17.727
      630 1041      47.11      61.29     18.011
      631  185      83.79      62.22     14.981
      632  887     283.72      62.82     17.690
      633  749     117.85      64.46     17.477
      634 1757     110.33      65.34     20.141
      635 1408     201.21      65.87     18.727
      636  615     155.84      66.22     17.173
      637 1321     218.28      67.68     18.473
      638 1478     219.50      71.42     19.747
      639 1310      16.96      68.00     18.108
      640  454     184.40      70.58     16.342
      641  282      82.62      70.73     15.921
      642 1455      69.84      75.27     18.665
      643  902     285.23      71.77     17.822
      644 1563     249.83      72.11     18.882
      645  784     177.89      72.49     17.285
      646  414     195.07      73.64     16.142
      647 1964       1.70      74.16     18.470
      648  225      84.06      77.30     15.338
      649 1638      96.26      78.77     19.204
      650  115     155.08      79.22     15.187
      651 1514      74.34      80.51     19.381
      652  689     134.65      82.06     16.970
      653  270     174.09      82.80     15.707
      654  762     202.94      85.52     17.211
      655 1573     193.98      86.20     20.274
      656  112     237.18      87.13     14.417
      657 1253      42.80      87.90     18.495
      658  360      99.23      88.80     15.947
      659  569     227.31      89.29     16.589
      660 1730     182.75      89.56     19.534
      661  697     307.80      90.09     17.205
      662  669     244.11      91.28     17.257
      663 1118     201.24      92.40     17.757
      664 1214     135.76      93.25     17.976
      665 1493     274.59      94.12     18.947
      666 1726      37.71      94.57     19.515
      667  554     291.27      94.71     16.628
      668  214      70.95      94.72     15.208
      669 1470     253.66      94.96     18.503
      670 1780     142.25      95.75     19.533
      671  958      95.57      97.07     17.545
      672 1422     273.72     100.82     19.145
      673 1714     299.94      97.91     20.293
      674 1349      58.06     100.76     18.359
      675  399      71.53     100.88     16.259
      676  233     163.46     101.65     15.382
      677  696      64.65     102.92     16.937
      678  692     236.38     103.16     16.911
      679 1555      55.52     105.14     19.136
      680  681      81.77     105.98     17.503
      681  516      78.12     108.17     16.734
      682 1113     154.53     111.17     17.981
      683 1497      60.04     110.62     18.593
      684  341      82.40     111.82     15.864
      685  427     230.64     112.73     16.215
      686 1440     192.79     112.77     18.739
      687 1816      61.24     119.24     20.709
      688 1427     298.38     119.38     18.763
      689 1247      21.29     119.44     18.473
      690  893      40.66     121.21     17.369
      691  275     204.84     123.25     15.582
      692  609     216.99     123.82     16.740
      693 1281      64.73     123.99     19.435
      694  710      67.11     127.76     16.894
      695 1384      56.69     125.03     18.440
      696 1506     194.04     126.08     18.753
      697 1073     227.83     126.10     18.226
      698 1187     165.96     127.17     18.539
      699 1061     162.84     128.43     17.842
      700  779     301.05     127.24     17.259
      701  794       5.47     127.39     17.270
      702  837     154.26     129.17     17.297
      703  738      73.99     129.58     17.062
      704 1722     221.08     129.82     20.069
      705  357      98.00     131.44     15.903
      706  702     302.04     133.44     17.023
      707 1811      66.68     135.25     20.913
      708 1500     296.78     135.47     19.485
      709 1692     294.63     136.98     19.756
      710  701     133.34     135.49     16.951
      711 1059     216.88     139.40     18.460
      712 1148     103.67     140.47     18.264
      713 1266     106.88     143.87     18.724
      714 1657     187.71     140.60     19.164
      715 1099     287.32     140.63     17.637
      716 1339     275.29     140.94     18.548
      717 1735      23.46     142.34     19.982
      718 1064      13.86     142.71     17.630
      719  903      36.82     147.58     17.468
      720  906     118.13     144.01     17.527
      721 1109     201.67     144.77     18.051
      722  814     173.88     145.75     17.769
      723 1753     227.95     148.76     19.422
      724  623     294.20     149.88     16.758
      725 1476     130.29     151.69     19.063
      726 1727     252.64     153.05     20.022
      727 1031     195.71     154.69     17.646
      728  717     126.24     155.11     16.929
      729  988     259.13     155.54     17.873
      730  966      73.08     155.55     17.720
      731 1885     150.94     157.87     11.682
      732 1610       5.63     159.87     19.427
      733 1487       8.90     163.22     18.619
      734 1237     169.53     159.93     18.608
      735  296      29.00     160.18     15.714
      736   97     297.95     161.11     14.281
      737  849     180.54     161.22     17.571
      738 1357     175.58     162.09     19.266
      739 1107     231.59     163.34     18.068
      740 1257     111.26     165.13     18.211
      741  366     168.11     165.66     15.901
      742  403     308.68     169.08     16.421
      743  355     306.51     172.28     16.176
      744 1603     102.52     169.25     19.816
      745 1028     250.52     169.39     17.881
      746  524     240.33     169.47     17.502
      747  308     244.08     171.12     15.710
      748  653     150.18     176.39     16.821
      749 1092     211.44     176.96     18.335
      750  182      56.68     177.30     14.949
      751 1037     118.70     177.48     17.897
      752  960     295.72     178.33     17.852
      753  125     141.50     178.48     14.531
      754  312     200.47     182.73     16.526
      755 1370      83.09     183.33     18.716
      756 1177     190.13     186.06     18.146
      757  865     195.49     187.89     17.788
      758  886      75.83     188.08     17.276
      759 1492     131.16     192.54     19.093
      760   28     165.43     194.13     13.164
      761 1296      56.41     196.45     18.288
      762   96     206.83     196.79     14.251
      763  324     242.27     196.92     15.964
      764  208     291.52     199.36     15.186
      765 1812      77.79     200.57     20.592
      766  876     278.55     201.82     17.503
      767 1345      13.48     203.19     18.625
      768 1783     235.48     204.11     19.992
      769  497     252.09     205.16     16.646
      770 1188      72.50     205.37     18.234
      771  744     126.15     207.45     17.006
      772 1643     204.10     209.67     19.450
      773  466     255.12     211.19     16.313
      774  343      74.71     211.75     16.419
      775  492      14.20     212.02     17.336
      776  461      15.76     214.75     16.462
      777  388     119.06     213.38     16.426
      778  372     122.45     214.72     16.293
      779  916      66.58     214.10     17.805
      780  207     186.85     214.70     15.195
      781  931     202.36     214.81     17.617
      782 1085     226.36     217.70     17.850
      783  520     215.83     222.27     17.465
      784  215      98.32     220.06     15.482
      785  819     130.92     220.63     18.069
      786 1096     124.20     226.06     18.045
      787  150     115.89     223.02     15.449
      788   33      68.01     223.32     13.327
      789  872     198.91     223.84     17.543
      790  864     197.10     227.37     17.883
      791 1536      14.62     224.08     18.700
      792 1401      17.90     225.76     18.654
      793  422      46.18     224.74     16.178
      794 1241     256.48     226.79     18.396
      795 1687      55.63     227.35     19.492
      796 1011     265.54     227.47     17.710
      797 1912     313.15     227.98     17.183
      798  775     143.93     232.33     17.315
      799  455     115.25     234.65     16.233
      800 1035     158.04     238.45     18.300
      801  946     154.91     238.94     18.442
      802  152     273.44     239.00     14.716
      803 1795     298.68     239.72     20.033
      804  462     288.74     245.36     16.282
      805  473     128.23     246.35     16.428
      806  706     132.73     246.59     17.358
      807 2024     312.04     247.14     16.733
      808 1172      53.53     248.41     18.121
      809  582      46.81     248.49     16.628
      810  643      28.18     251.57     17.811
      811 1314      69.49     252.23     18.219
      812  413      88.34     252.68     16.105
      813  504     102.01     253.04     16.432
      814 1587     146.14     254.23     19.851
      815 1683     142.59     254.67     19.390
      816  286     130.60     255.38     15.619
      817  627      76.84     257.29     16.833
      818  276     187.30     257.96     15.606
      819  945     136.03     258.67     17.754
      820 1026      24.97     259.34     17.931
      821  894     113.92     260.55     17.359
      822  983     298.23     262.84     17.808
      823  827     147.51     264.66     17.180
      824 1032     181.21     265.69     17.618
      825 1372     175.71     265.89     18.410
      826  747     105.00     266.26     17.037
      827  650     129.18     266.61     16.804
      828 1145      78.05     267.53     17.732
      829 2021     276.53     267.61     11.602
      830 1279     135.57     268.74     18.580
      831 1484      29.21     268.96     18.847
      832 1132      96.47     269.74     17.992
      833   47      53.77     270.30     13.770
      834 1377     228.40     274.07     18.415
      835 1353     106.80     274.34     18.679
      836 2012      54.87     277.76     11.605
      837  888      23.55     278.44     17.535
      838  393     196.05     280.93     16.089
      839 1439      36.61     281.18     19.025
      840  265      28.44     282.57     15.595
      841  878      92.54     283.32     17.368
      842  676     259.79     284.66     17.249
      843 1499     215.33     284.72     19.042
      844  877     172.90     286.53     17.369
      845  724     107.92     289.01     17.013
      846  866      80.37     289.41     17.849
      847 2040       1.72     290.42     17.619
      848 2038       2.78     294.44     17.141
      849  223     190.84     291.41     15.528
      850  135      95.21     295.00     14.595
      851 1653      18.43     295.70     19.204
      852  337     167.74     295.99     15.834
      853 1382     142.44     296.94     19.303
      854 1362      20.89     300.48     18.626
      855  939     110.91     305.21     17.644
      856 1848     143.44     311.78     20.677
      857 1342     149.77     307.71     18.488
      858  111     303.06     307.72     14.874
      859 1636      38.44     308.37     19.226
      860 1270     194.66     308.44     19.785
      861 1488     115.69     309.78     19.476
      862  699      74.66     310.11     16.876
      863 1558     165.27     310.73     18.890
      864  173     282.01     312.77     15.260
      865  948     235.18     313.09     17.823
      866 1407     205.43     315.46     18.776
      867  781     150.23     315.66     17.336
      868  169     232.14     319.45     14.871
      869  844     216.06     325.20     18.000
      870  841     257.50     325.38     17.200
      871  740      55.45     325.54     17.560
      872 1510     166.86     326.28     19.341
      873 1482     175.01     331.00     18.892
      874  581      76.28     331.22     16.696
      875  797     253.02     336.69     17.719
      876  326      79.16     336.74     15.811
      877  899      51.83     336.97     18.416
      878 1117     235.85     339.41     18.400
      879 1405      24.92     339.91     19.213
      880  224     256.86     341.10     15.268
      881  380      16.36     341.59     16.178
      882  484      19.11     344.90     16.776
      883 1133     168.24     342.24     18.494
      884  132      60.27     342.38     14.550
      885 1432     124.62     343.06     19.287
      886 1490     163.53     345.43     19.656
      887  763      93.77     347.25     17.058
      888 1576     100.86     349.63     19.315
      889 1373     124.79     352.11     18.515
      890  333     191.13     354.49     15.772
      891 1650     214.58     354.67     19.299
      892 1116     275.08     356.20     17.847
      893  511     111.18     357.55     16.593
      894 1561     175.91     357.63     19.248
      895  713     171.45     363.98     16.987
      896  959     258.09     367.97     17.455
      897  533     200.45     368.06     16.513
      898 1443       6.69     369.46     18.992
      899  658     278.88     376.28     16.914
      900  580      65.21     372.67     16.731
      901 1119      95.58     373.38     18.360
      902 1417     149.29     374.06     18.717
      903 1668     163.63     375.29     19.577
      904   53      32.28     375.45     13.709
      905 1215     102.39     377.61     18.104
      906 1371     209.39     379.63     18.389
      907  259     248.34     379.65     15.571
      908  722     151.15     379.70     16.907
      909 1489     158.19     381.13     19.332
      910 1535     267.93     381.43     18.439
      911 1211      47.20     383.92     18.778
      912 1533     283.76     383.94     19.006
      913 1334      77.07     385.31     19.419
      914  787      73.97     388.74     17.156
      915 1762     141.08     385.38     19.203
      916  114     103.96     388.54     14.444
      917 1049     226.40     389.17     17.782
      918  441     240.22     390.36     16.372
      919 1051      55.30     391.39     18.162
      920  755      29.64     392.34     17.095
      921 1584      83.48     393.00     19.266
      922 1284      76.55     394.15     18.198
      923   95     282.86     395.87     14.219
      924  226      96.55     401.16     15.400
      925 1325      70.63     397.58     18.270
      926  709      45.82     398.02     17.043
      927 1386     194.55     399.41     18.623
      928 1479     268.53     398.54     18.659
      929  854      65.00     398.70     17.405
      930 1608      60.50     399.49     20.022
      931  409     181.93     401.00     16.092
      932 1571     146.72     401.65     18.795
      933  119     259.09     402.82     14.473
      934 1166     238.82     403.75     17.918
      935  881      49.02     404.96     17.879
      936 1609     149.87     405.78     19.567
      937  824     207.40     406.04     17.339
      938  130     271.24     407.52     14.607
      939 1738      65.48     407.69     19.412
      940 1162      65.68     415.35     18.133
      941  645     107.98     408.16     16.863
      942 1115      93.33     408.37     18.033
      943 1308     247.43     411.54     18.190
      944  431     254.39     412.22     16.216
      945 1348     176.00     412.92     18.401
      946  619     130.75     413.57     16.809
      947  900      60.47     416.56     18.199
      948  859      97.80     416.10     17.385
      949 1971      84.55     418.43     11.462
      950 1431     174.52     419.06     18.846
      951 1752     110.95     419.88     19.836
      952 1287      71.09     421.66     18.403
      953 1311     139.72     424.49     18.086
      954 1675     182.60     425.55     19.469
      955  560      62.67     427.71     17.342
      956 1006      84.73     430.29     17.704
      957 1157      48.23     431.07     17.831
      958 1072     185.10     431.23     17.726
      959 1605     109.55     434.87     19.321
      960 1469     106.91     438.19     19.655
      961 1154     116.21     435.36     18.414
      962 1033     118.53     438.15     17.744
      963  930     196.10     435.78     17.742
      964  561     135.79     437.69     16.564
      965  305     288.52     439.95     15.702
      966  167      71.94     440.42     14.976
      967 1715      86.25     442.35     19.332
      968  621     309.46     445.72     16.755
      969 1221     188.51     443.99     18.144
      970 1421     140.31     444.34     18.299
      971 1152      18.14     445.43     17.903
      972 1346     112.45     445.61     18.786
      973 1823     110.84     450.01     20.583
      974 1483      24.67     447.15     18.853
      975  927      38.06     448.40     17.569
      976 1662     310.88     453.40     19.321
      977  975     231.73     454.28     17.891
      978 1695     106.61     454.84     19.491
      979 1234      49.73     455.40     17.961
      980 1198     276.37     467.55     18.644
      981  949     279.12     468.82     17.982
      982  406     137.94     455.69     16.163
      983 1836      80.05     455.90     20.313
      984 1994     262.71     456.34     14.971
      985 1790      89.67     456.36     20.415
      986 1568     205.62     459.38     18.829
      987  405      97.53     460.25     16.118
      988  562     141.92     460.29     16.633
      989  591     221.30     460.63     16.633
      990 1182     124.79     460.70     17.908
      991  437     306.89     462.51     16.178
      992 1508     182.56     466.33     18.710
      993  498     141.25     469.11     16.493
      994  727     137.34     469.62     17.539
      995 1548      42.63     472.28     19.508
      996 1778     302.83     472.68     19.438
      997 1516      10.15     473.13     19.089
      998 1779      94.10     473.35     20.065
      999 1122     239.37     474.46     17.999
     1000   61     221.11     474.90     13.771
     1001 1442     117.46     475.75     18.532
     1002 1630     254.42     476.25     19.342
     1003  768      52.31     477.07     17.487
     1004  438     126.05     477.40     16.234
     1005 1062     306.15     479.15     17.771
     1006 1153     191.61     480.42     18.174
     1007  616     246.92     483.81     17.025
     1008 1415     110.94     484.03     18.736
     1009  910     114.50     487.35     17.448
     1010  188      24.56     484.15     15.146
     1011  465     241.40     484.40     16.303
     1012  546     209.17     485.09     16.517
     1013  759     134.95     485.34     17.073
     1014 1261      38.67     486.19     18.768
     1015 1880     269.22     486.84     11.133
     1016 1164      94.92     487.02     18.705
     1017  940     231.89     489.89     17.560
     1018 1090     231.05     493.73     18.222
     1019 1244     102.97     493.11     18.306
     1020  588      47.44     494.88     16.707
     1021  468      14.54     495.11     16.510
     1022 1691     306.19     496.00     19.642
     1023  384     293.25     497.93     16.085
     1024  756     137.03     502.60     17.120
     1025  686      77.04     499.19     17.064
     1026  138      17.54     500.53     14.662
     1027  213      16.73     505.19     15.698
     1028 1748     165.95     501.23     19.774
     1029 1611     309.25     501.48     19.058
     1030  924     129.76     502.62     17.619
     1031  566      47.07     503.81     16.716
     1032 1252     185.42     504.02     17.968
     1033  525      52.37     505.29     16.512
     1034 1871      77.25     506.18     14.995
     1035 1867     275.02     506.73     18.445
     1036 1317     310.60       6.49     18.307
     1037 1694     202.69       7.53     19.368
     1038  817     178.81       8.07     17.621
     1039  651     181.49      11.69     17.056
     1040 1936       3.07      10.74     17.130
     1041 1523     196.96      11.43     19.055
     1042  147      27.95      21.23     14.731
     1043 1491     123.41      24.86     18.888
     1044 1042     197.22      30.92     17.572
     1045  290      59.26      34.51     16.667
     1046 1228      27.59      41.29     18.540
     1047 1192      53.16      38.44     18.035
     1048 1481      12.64      41.77     18.520
     1049  941     174.79      45.78     18.032
     1050  993     201.95      53.35     18.088
     1051  871     113.20      53.96     18.739
     1052  743      28.67      55.61     17.692
     1053  758     307.77      59.57     17.105
     1054  189      32.78      62.28     15.091
     1055 1957       2.96      63.81     17.160
     1056  332     187.92      65.45     15.911
     1057 1001      37.49      66.43     18.037
     1058 1009      52.71      71.98     17.961
     1059 1015     188.56      73.59     18.493
     1060 1100     212.88      74.63     17.897
     1061 1082     289.08      76.36     17.955
     1062  578      51.57      80.88     17.241
     1063  407     188.96      81.63     16.213
     1064   94     156.29      82.50     14.460
     1065 1819     117.51      88.17     20.178
     1066 1557      21.38      89.39     18.953
     1067  433     239.85      92.20     17.037
     1068 1666      60.49      94.03     19.309
     1069 1498      80.75      95.95     18.672
     1070 1209     308.60      96.92     18.114
     1071 1170      84.24     100.31     18.004
     1072  330      27.43     107.12     15.978
     1073  857     275.73     107.80     17.283
     1074 1685     181.74     111.26     21.423
     1075 1159     167.06     109.97     17.950
     1076 1038     168.06     114.86     18.149
     1077  417     137.09     114.98     16.161
     1078  448      38.65     110.97     16.343
     1079  896     240.43     112.81     17.904
     1080  391       5.96     117.55     16.118
     1081  180      13.90     118.38     14.954
     1082 1464     132.20     119.16     18.856
     1083 1496     147.95     121.75     19.431
     1084 1411     150.54     123.04     18.749
     1085 1895       2.63     121.81     16.591
     1086 1577     165.03     122.21     19.286
     1087  890     103.16     127.77     17.591
     1088 1615     181.13     131.51     19.319
     1089  321      96.22     139.07     15.816
     1090 1789     159.75     141.44     19.241
     1091  976     280.75     144.38     18.629
     1092  559     278.84     147.10     17.299
     1093  842     101.47     145.63     17.540
     1094 1468     190.68     150.21     18.578
     1095   73      93.09     154.12     13.983
     1096  239     144.10     161.95     15.904
     1097 1466      58.98     162.60     18.732
     1098 1709      95.13     163.74     19.826
     1099 1338      66.28     168.30     18.621
     1100 1316      66.62     171.67     18.901
     1101  429     123.71     168.97     16.203
     1102  725      77.05     169.20     16.914
     1103  263      15.97     169.77     15.520
     1104 1769       8.36     171.94     19.504
     1105  920      59.85     172.12     18.504
     1106  830      23.36     175.95     17.327
     1107 1751     217.46     176.06     20.510
     1108  590      15.65     187.54     16.850
     1109  715     271.07     190.51     17.654
     1110  425     311.28     190.70     16.249
     1111  613     276.17     190.81     16.717
     1112 1305     224.38     194.62     18.952
     1113  942     133.31     197.13     17.370
     1114  911     247.28     198.76     18.358
     1115 1914     172.07     198.98     11.445
     1116  656      91.69     203.02     17.062
     1117  500      62.66     203.74     16.466
     1118  367     246.91     205.11     15.938
     1119 1728     112.80     206.37     19.918
     1120 1640     116.64     207.53     20.231
     1121  283      93.92     208.30     15.734
     1122  242      44.54     211.59     15.371
     1123 1396     232.74     214.20     19.014
     1124  726     104.80     215.78     17.129
     1125  118      74.58     216.80     14.504
     1126 1298     140.48     222.17     18.252
     1127 1518     104.69     228.06     18.876
     1128  421     133.04     231.96     16.326
     1129  469     136.89     232.51     16.738
     1130 1120      95.74     232.40     17.865
     1131 1114     103.33     233.30     18.025
     1132  158     201.11     235.23     14.762
     1133  912      49.60     236.01     17.818
     1134 1413     139.87     238.23     18.836
     1135 1053     254.76     240.73     18.747
     1136  870     187.45     250.28     17.590
     1137  212     210.96     249.78     15.373
     1138 1759     141.24     248.63     20.020
     1139 1604     232.03     249.02     19.228
     1140  201     300.25     249.84     15.780
     1141  176     297.07     251.71     15.118
     1142  129     245.16     250.59     14.598
     1143  665     222.93     252.79     16.861
     1144 1027     166.82     252.91     17.714
     1145 1562      55.57     254.04     18.877
     1146   16     238.32     257.62     12.732
     1147  915     207.54     259.62     17.394
     1148  732     251.61     264.39     17.184
     1149 1054     164.77     266.49     17.523
     1150  192     194.96     271.28     15.083
     1151 1856     128.26     276.68     20.785
     1152  952     215.00     277.92     17.771
     1153 1731     142.66     279.27     19.244
     1154  913     238.80     281.89     17.400
     1155  904     294.84     287.25     18.048
     1156 1000      29.34     288.68     18.052
     1157 1471      89.80     289.11     19.575
     1158 1581     302.13     292.07     19.278
     1159  752     151.26     294.66     18.304
     1160  682     154.24     298.16     17.244
     1161  677     153.43     302.21     17.125
     1162  244     179.25     295.17     15.448
     1163 1350      73.01     295.70     18.486
     1164 1467     307.96     302.19     19.240
     1165  664     186.52     304.93     17.182
     1166 1631     128.67     304.19     19.332
     1167 1547     108.07     316.17     19.620
     1168 1410     272.10     316.75     18.926
     1169  264     135.35     323.91     15.544
     1170  996      71.35     324.30     17.705
     1171  394     186.61     328.04     16.123
     1172  300     140.89     328.70     15.807
     1173 1626     303.84     330.29     18.943
     1174  644     259.85     333.54     17.430
     1175  586     210.32     333.85     16.959
     1176  672     213.04     335.37     17.674
     1177  777      67.85     334.27     17.157
     1178 1055      66.51     339.04     18.291
     1179  509     228.89     337.77     16.455
     1180 1315     298.83     337.82     18.370
     1181  318      11.74     338.58     16.702
     1182 1328     284.49     339.73     18.863
     1183 1773     275.80     340.77     20.201
     1184 1475     299.50     343.85     18.791
     1185 1337     226.26     342.35     19.303
     1186  678     187.95     342.97     16.908
     1187 1395     185.28     346.97     18.800
     1188 1083     231.38     350.18     17.778
     1189 1672     136.24     350.85     19.151
     1190 1847      17.11     363.48     21.334
     1191  435     130.75     363.87     16.184
     1192  279     176.60     368.68     15.676
     1193 1818      43.81     370.18     20.291
     1194 1438     131.11     373.07     18.533
     1195  967     105.92     373.29     18.203
     1196 1799     190.50     375.49     20.494
     1197  453     254.38     375.79     16.340
     1198 1336      42.88     376.00     18.376
     1199 1299     135.51     376.31     18.336
     1200 1583     141.31     376.50     18.988
     1201 1045       5.71     379.75     17.854
     1202 1341      82.94     383.84     18.260
     1203  589     108.52     384.32     16.959
     1204  791     111.10     387.79     18.141
     1205  785     274.24     385.78     17.384
     1206  503      53.59     385.83     16.595
     1207  371      99.03     386.48     16.400
     1208 1545     135.67     389.42     19.997
     1209  325     308.95     391.19     16.179
     1210  315     311.18     393.37     16.331
     1211 1414     162.69     391.93     19.052
     1212 1076      35.78     395.31     18.430
     1213  374     110.54     403.03     16.082
     1214 1684     288.91     408.65     19.228
     1215   25       6.48     410.99     13.039
     1216 1830     126.18     420.77     20.136
     1217 1066     295.50     422.64     18.410
     1218 1713      25.63     427.03     19.514
     1219  969      12.45     427.15     18.224
     1220 1749     111.82     427.53     19.758
     1221 1130       7.10     429.82     17.893
     1222  995     153.34     432.07     17.655
     1223 1273     126.15     438.39     17.999
     1224  338      50.26     439.13     15.866
     1225  790     118.62     446.30     17.254
     1226  379     159.32     447.38     16.118
     1227  471     156.89     451.40     16.730
     1228 1246     152.43     453.33     18.951
     1229  693     159.75     454.98     17.466
     1230  162     271.04     449.50     14.760
     1231 1271     285.78     449.81     18.299
     1232 1229     133.52     451.09     18.486
     1233 1987       2.11     451.44     18.061
     1234 1307     304.56     455.48     18.682
     1235 1269     301.33     457.89     18.384
     1236 1781      32.05     456.75     20.340
     1237 1639     294.95     462.19     19.367
     1238 1965     260.38     463.81     18.615
     1239  668     233.79     465.41     17.166
     1240 1501      95.46     468.07     19.580
     1241  303     285.82     467.45     16.003
     1242 1575     188.39     469.86     19.435
     1243 1280     207.23     469.93     19.552
     1244  124     285.47     472.84     14.540
     1245   31     200.45     474.12     13.301
     1246  661      13.51     479.81     17.556
     1247 1881     313.05     479.94     17.519
     1248  155      33.91     480.39     14.744
     1249 1878      73.24     488.00     11.705
     1250 1764      52.10     488.45     20.833
     1251 1865     193.66     490.65     19.624
     1252 1747     195.58     495.05     19.946
     1253 1084     121.09     492.85     18.121
     1254 1264      24.37     495.51     18.327
     1255  760     274.02     497.73     17.342
     1256 1275     228.62     499.47     18.129
     1257 1399     206.20     501.76     18.790
     1258  907      91.05     505.22     17.404
     1259 1842      73.56      10.36     20.476
     1260   90     121.41      14.32     14.242
     1261 1941     153.62      14.52     21.132
     1262 1803     158.86      17.10     21.210
     1263 1050     268.84      21.47     17.809
     1264  245     134.30      23.04     15.445
     1265 1391     140.55      31.45     18.360
     1266 1267     204.88      31.79     18.651
     1267  517     168.85      33.02     16.975
     1268 1633      87.27      36.23     19.274
     1269 1137     237.08      37.76     18.089
     1270 1652     173.31      38.59     19.591
     1271 1293     129.16      39.02     18.662
     1272 1380     199.34      40.16     19.259
     1273 1931     242.88      44.77     21.429
     1274 1323     211.13      48.71     18.251
     1275  652     175.58      54.53     17.195
     1276  255     196.55      57.29     16.245
     1277  539      84.99      57.28     17.411
     1278  778      72.92      60.93     17.741
     1279  635     211.41      67.47     17.057
     1280  304     241.13      67.54     15.710
     1281 1079      23.78      69.37     18.019
     1282 1620      34.53      70.86     19.580
     1283   55      88.54      70.95     13.770
     1284  316      61.64      77.21     15.771
     1285 1948       2.91      80.22     17.672
     1286 1946     313.13      85.03     16.389
     1287  765       7.17      87.19     17.278
     1288  909       8.06      90.98     17.939
     1289 1578      12.17      93.84     19.074
     1290 1094      30.98      94.67     18.395
     1291 1619      48.94      99.85     20.080
     1292  847      35.28     105.58     17.642
     1293  288      71.12     107.36     15.710
     1294  620     310.11     125.70     16.919
     1295  753     309.95     130.17     17.509
     1296  807      51.11     139.02     17.596
     1297 1150      79.29     137.00     18.725
     1298  502     251.00     141.11     16.518
     1299 1195     134.78     141.18     18.840
     1300 1097      57.07     141.75     17.884
     1301 1297     299.85     147.84     18.790
     1302 1156     166.99     143.68     19.667
     1303 1598     199.58     149.16     19.915
     1304  349     114.91     156.80     16.048
     1305  629     224.14     157.98     16.822
     1306 1044     190.78     162.14     17.876
     1307  889     147.59     168.34     17.664
     1308 1078     310.92     176.20     18.415
     1309  868      72.03     176.33     17.884
     1310  383      68.05     179.32     16.104
     1311  293     143.42     183.87     16.033
     1312  704      38.76     185.30     17.305
     1313  914     105.90     190.43     17.594
     1314  234     266.17     192.66     15.322
     1315 1890      24.70     194.51     11.235
     1316  248     111.74     195.40     15.491
     1317 1594     146.95     196.00     20.606
     1318   65      24.01     201.95     14.162
     1319   99     159.21     203.45     14.356
     1320  691     181.30     204.28     17.119
     1321  782      40.96     208.03     18.085
     1322   86      97.25     214.41     14.196
     1323 1647     148.13     216.19     19.752
     1324   98     291.09     217.29     14.369
     1325 1810     276.77     221.00     20.205
     1326  159     112.59     221.43     14.962
     1327  574     234.79     222.14     16.803
     1328  972     128.13     223.00     17.943
     1329 1712     293.64     225.62     21.968
     1330  572      74.35     228.13     17.642
     1331  573      76.24     230.40     17.091
     1332  262      64.26     228.70     15.838
     1333  618     311.07     231.56     16.886
     1334 1093     149.16     233.07     18.019
     1335  675     234.71     238.95     16.829
     1336  408      58.82     239.38     16.203
     1337  339     240.37     248.98     16.697
     1338 1592     160.50     255.75     19.499
     1339 1690      60.77     253.48     20.908
     1340  583     275.08     254.09     16.839
     1341 2022      16.90     256.94     21.244
     1342  633     290.50     258.78     16.970
     1343 2023       3.48     259.70     15.349
     1344 1550     152.73     260.22     19.731
     1345  191     220.13     261.53     15.124
     1346   41     278.49     261.92     14.077
     1347 2010      86.89     271.66     20.519
     1348 1245     137.24     272.42     18.227
     1349 1720     126.30     294.36     20.196
     1350  897     287.63     295.54     17.456
     1351  600     176.51     300.19     16.901
     1352  892     224.49     302.16     17.692
     1353  812     122.24     303.94     17.448
     1354  823      22.56     306.22     18.219
     1355  564     121.50     309.39     16.715
     1356 1169      95.05     310.33     18.268
     1357 1831      48.59     315.10     20.870
     1358  587     142.27     322.61     16.779
     1359  397     311.32     323.00     16.165
     1360 1141     224.75     330.12     18.191
     1361 1801      88.55     331.34     20.547
     1362 1095      83.90     331.79     18.420
     1363 1770     246.01     331.68     20.594
     1364 1140     105.00     332.16     18.569
     1365 1699      29.21     332.59     20.555
     1366  947     223.72     335.72     18.271
     1367  838     220.04     336.02     17.446
     1368  606     119.60     338.84     17.197
     1369 1418     198.48     339.94     19.083
     1370 1446     193.73     340.84     19.706
     1371 1674     171.03     352.43     19.478
     1372   68       9.50     354.10     13.899
     1373  834     146.59     354.81     17.426
     1374  529     225.80     361.15     16.527
     1375 1136     177.08     361.89     19.073
     1376  342      51.39     364.71     16.800
     1377  174      56.17     366.50     15.082
     1378 1736     210.03     368.81     20.219
     1379 1689     211.95     370.29     19.754
     1380 1676     231.02     370.20     19.786
     1381  254      22.01     374.21     15.536
     1382 1155     234.08     378.53     18.662
     1383  978     125.41     376.67     18.089
     1384  518     201.35     379.72     16.553
     1385  628     298.56     384.61     16.898
     1386 1206     289.61     385.20     18.436
     1387  712      31.73     387.51     17.100
     1388 1827     145.28     388.33     19.720
     1389  537      40.13     389.65     16.607
     1390 1010     194.93     391.20     17.577
     1391  540     274.58     391.33     16.716
     1392 1313      10.44     393.14     18.607
     1393  122     247.24     395.70     14.667
     1394 1086      87.95     395.79     17.706
     1395  917     290.43     396.28     18.203
     1396 1374     282.31     406.13     18.634
     1397 1243      63.50     411.65     18.728
     1398  549     238.89     412.51     16.966
     1399 1173     195.49     422.59     18.103
     1400 1703     275.45     425.15     19.578
     1401  261     205.02     426.15     16.570
     1402  172     203.56     429.55     16.002
     1403 1071     190.76     429.68     18.118
     1404 1998     268.37     431.27     20.541
     1405  449     217.57     431.93     16.354
     1406 1397     180.81     433.88     18.982
     1407 1567     183.47     437.74     19.240
     1408 1737     144.73     439.80     21.874
     1409 1014     196.53     438.55     18.583
     1410 1554     194.56     440.93     19.614
     1411  599     216.14     441.02     16.883
     1412  974      91.47     445.49     17.629
     1413 1989     265.68     446.24     17.663
     1414 1365      62.86     448.02     18.353
     1415  392     169.87     457.38     16.096
     1416  879      62.20     465.01     17.487
     1417  571      85.55     464.08     16.721
     1418 1784     144.87     475.16     21.001
     1419  289     168.99     475.24     15.706
     1420 1702      88.24     481.76     19.810
     1421 1632     118.13     483.06     20.031
     1422 1588     166.37     485.67     19.338
     1423  908     173.58     504.52     17.405
     1424 1651      26.14     505.07     20.051
     1425  856     117.86       6.04     17.492
     1426 1815      55.41      10.74     21.266
     1427  647     252.40      21.32     16.885
     1428  519      27.38      28.28     17.129
     1429  482     259.80      31.50     16.802
     1430 1189     307.07      42.52     17.879
     1431 1599     307.24      46.50     21.112
     1432  144     187.56      53.08     14.819
     1433 1527     258.01      54.62     19.057
     1434  601      66.22      55.12     16.785
     1435  235      28.88      63.76     15.787
     1436  470     154.13      70.18     16.467
     1437  862     288.80      71.25     17.686
     1438 1597     126.63      76.86     19.842
     1439 1428      13.24      77.80     18.413
     1440  219     180.10      80.25     15.343
     1441 1949     248.63      81.79     22.010
     1442  944      95.32      84.92     18.121
     1443 1168     190.41      86.65     18.834
     1444  925     270.41      87.58     17.419
     1445 1167     174.12      90.62     18.894
     1446 1135     170.43      91.16     18.377
     1447 1646     207.02      95.66     19.468
     1448 1649     206.67      99.79     19.676
     1449  495     110.65      97.53     17.648
     1450 1272     271.54      98.41     18.425
     1451  855     177.19     100.06     17.389
     1452  607     189.53     107.84     16.762
     1453 1366     259.27     125.30     19.256
     1454  767     233.50     126.12     17.821
     1455  829     230.51     129.42     17.788
     1456 1402     228.80     134.00     19.258
     1457  789     182.57     126.25     17.099
     1458 1711     207.42     131.61     19.771
     1459  971      20.91     137.66     17.718
     1460 1677     244.31     140.20     19.965
     1461  680     219.03     143.40     16.988
     1462  237     307.00     148.03     16.876
     1463 1131     235.79     156.84     17.920
     1464  711       8.33     153.87     17.063
     1465 1104     102.21     161.86     18.020
     1466 1813     240.78     180.06     21.862
     1467  828      33.34     181.40     17.859
     1468   32     110.78     181.62     13.320
     1469 1664     289.53     191.80     20.146
     1470  161     300.31     201.54     14.796
     1471  136     165.26     201.83     15.128
     1472 1101     150.98     210.38     18.016
     1473  177     118.18     221.01     15.641
     1474 1913       2.15     229.37     19.696
     1475  410      40.45     229.56     16.156
     1476 1231     300.31     231.11     18.059
     1477 1230     304.59     232.79     18.200
     1478 1203     239.41     233.55     18.058
     1479  688      41.17     237.65     17.092
     1480  714     156.92     243.04     17.115
     1481  843     158.61     246.33     18.041
     1482 1524     267.32     244.23     20.523
     1483  979     184.61     247.45     18.163
     1484  203     244.94     257.41     15.605
     1485  716     306.74     267.33     17.210
     1486  612     213.11     268.53     17.423
     1487  769     252.89     269.06     17.981
     1488  923     255.18     270.40     18.349
     1489 1855     252.29     278.59     22.911
     1490 1734     149.55     282.12     22.126
     1491  965     155.07     284.03     18.002
     1492 1063      77.57     290.19     18.792
     1493  436     136.04     299.91     16.277
     1494 1859     233.88     301.69     20.900
     1495  389     258.39     308.44     17.205
     1496 1596      33.54     308.35     19.163
     1497  663     220.62     311.15     17.286
     1498  685     223.95     311.41     17.340
     1499   82     286.88     313.17     14.153
     1500 2029     197.97     314.50     15.625
     1501 1724     223.41     317.83     23.630
     1502 1595     298.08     320.60     18.890
     1503  673     150.06     325.02     17.677
     1504 2035      33.24     327.04     20.788
     1505 1077     164.05     328.95     18.332
     1506  228     287.22     331.72     15.336
     1507 1680     148.51     360.04     22.175
     1508 1688     144.47     368.90     19.491
     1509  875     114.47     370.62     17.694
     1510  788     281.08     372.59     17.816
     1511 1817      13.54     375.34     22.293
     1512  306      96.18     397.32     16.374
     1513 1004       7.35     397.96     17.868
     1514 1290     190.37     398.33     18.370
     1515  531     129.87     407.64     16.780
     1516 1740     153.62     408.95     20.274
     1517 1559      28.93     409.34     20.020
     1518 1225     254.96     430.71     18.658
     1519 1654     258.77     432.32     24.017
     1520  729     291.25     431.01     17.142
     1521 1354     268.47     440.93     19.069
     1522  210      76.25     441.07     15.598
     1523  955     306.60     443.09     19.103
     1524  741     206.51     451.20     17.144
     1525 1368     282.78     458.64     19.413
     1526 1453     280.55     461.54     19.550
     1527 1602     276.89     462.96     18.684
     1528  956     200.14     465.10     19.122
     1529 1255      99.52     466.55     18.345
     1530 1570     295.28     468.59     19.127
     1531 1522     294.45     473.59     19.040
     1532 1235     233.89     480.03     18.078
     1533 1828     200.70     488.49     20.779
     1534 1661     302.76     489.65     19.734
     1535 1678      19.72     490.40     22.761
     1536  867     240.32     493.57     17.421
     1537 1171     135.00     498.70     18.325
     1538 1943     310.89      12.25     17.083
     1539 1618     115.77      23.60     19.400
     1540  626      48.12      35.47     17.876
     1541 1416     108.62      36.69     18.591
     1542  728     198.55      51.28     17.599
     1543   80     192.58      54.54     14.280
     1544 1232      16.38      57.32     18.327
     1545 1043     194.27      64.10     18.261
     1546  476     162.20      71.75     16.678
     1547 1850     310.96      71.76     20.975
     1548 1301     198.95      84.43     18.665
     1549  424     140.50      86.93     16.321
     1550 1242     116.44     106.85     19.802
     1551 1138     150.61     108.35     18.119
     1552 1896     119.41     126.09     22.780
     1553 1760     237.13     145.05     19.608
     1554  450     148.80     149.12     17.170
     1555 1406      21.02     149.89     18.222
     1556 1256     288.43     152.11     18.526
     1557  507     300.52     167.71     17.260
     1558  334     297.49     171.70     15.864
     1559 1804     298.59     188.44     19.552
     1560  638     115.50     191.30     17.396
     1561  344      34.86     191.34     16.447
     1562 1128     227.47     197.45     18.355
     1563 1383      33.76     207.43     18.588
     1564 1477     296.82     211.37     19.124
     1565  852     220.28     218.51     17.951
     1566 1908     160.78     221.21     22.288
     1567   54     208.16     229.36     13.741
     1568 1839     294.59     234.54     20.443
     1569  528     248.22     237.80     16.585
     1570  243     214.09     248.08     16.184
     1571  957     135.65     250.00     17.841
     1572  467     270.52     257.74     16.571
     1573  143     282.79     263.23     15.612
     1574  611      42.49     264.17     16.966
     1575 1820     169.80     277.41     20.371
     1576 2039     311.51     283.49     18.611
     1577  428     308.00     288.26     16.357
     1578 1706      87.59     304.30     19.306
     1579  200      83.50     308.94     15.122
     1580 1018     215.84     308.10     17.945
     1581 1682     143.34     307.65     19.949
     1582   85      91.90     318.97     14.219
     1583  776     115.35     320.93     17.512
     1584   93      62.22     324.07     14.302
     1585 1768     299.87     329.36     21.108
     1586 1110     108.02     331.99     18.233
     1587 1976     313.54     342.91     17.252
     1588 1980     141.04     349.27     22.473
     1589 1204     271.79     359.29     18.345
     1590 1537      29.90     361.67     19.047
     1591  654     110.26     373.80     16.911
     1592 1716     223.18     375.13     19.101
     1593 1013     166.84     392.11     18.435
     1594  196      18.47     410.10     15.571
     1595 1224     306.50     407.90     18.292
     1596  499      56.56     414.51     16.407
     1597 1343      57.82     421.82     18.486
     1598 1553     171.02     427.97     19.387
     1599 1761     166.73     429.71     19.888
     1600  515     156.75     427.17     16.619
     1601   63     100.85     429.01     13.817
     1602  751      89.51     430.19     17.209
     1603 1181     284.06     432.46     18.355
     1604 1218     156.30     434.98     19.110
     1605 1089     253.43     438.73     18.725
     1606  478      35.53     466.10     16.502
     1607  935     141.58     487.16     17.420
     1608 1124      98.63     488.72     18.467
     1609 1824     173.17     492.78     20.234
     1610  202     105.36     502.17     15.228
     1611  705     238.15     504.12     17.177
     1612 1861     308.08     505.52     20.350
     1613 1868     124.08     506.31     16.626
     1614  748     171.17       6.12     17.317
     1615 1423     221.06      16.39     19.890
     1616  153     307.11      25.46     15.069
     1617 1424      30.82      38.48     19.157
     1618 1250     195.58      40.58     19.022
     1619 1958     313.47      55.00     15.985
     1620  395      77.80      55.33     16.138
     1621 1963      11.27      66.09     22.481
     1622 1808     121.11      77.71     20.593
     1623 1947     257.81      91.32     23.625
     1624 1642      90.82     112.26     19.712
     1625 1898     191.24     116.88     19.772
     1626 1239      52.79     132.12     18.693
     1627  820      49.37     135.71     17.489
     1628 1163      14.46     133.26     18.397
     1629  806     302.08     143.42     17.509
     1630 1441      34.16     143.87     21.712
     1631 1070     138.01     144.43     17.813
     1632  386     117.61     154.43     16.747
     1633  933     182.73     169.09     17.427
     1634 1434     172.40     170.76     18.970
     1635 1318     193.45     183.96     19.106
     1636 1505     144.26     224.39     19.671
     1637 2018     178.96     237.75     20.964
     1638  953     281.73     251.51     17.770
     1639 1320     160.12     251.77     18.547
     1640  764     286.90     257.06     17.668
     1641 1454     155.67     260.45     19.066
     1642  258     191.88     274.09     16.534
     1643  140      52.57     286.66     14.722
     1644  568     154.43     292.50     16.809
     1645 1420     190.57     303.45     20.013
     1646  220     254.68     306.59     15.937
     1647 1398     269.42     317.72     19.079
     1648 1579     303.18     341.97     19.020
     1649 1569     301.89     347.48     19.368
     1650 1794      82.67     355.80     19.885
     1651 1613     142.72     370.92     20.020
     1652  584      99.57     392.94     18.464
     1653 1967      21.02     398.51     20.568
     1654  398      45.00     406.09     16.146
     1655 1474     154.66     414.71     18.916
     1656  937     153.49     421.64     17.734
     1657 1046     242.93     431.59     19.312
     1658 1600     144.43     436.31     18.925
     1659 1807     168.48     436.64     19.673
     1660 1180      15.39     470.12     18.451
     1661 1879     258.51     481.59     18.462
     1662  730     122.46     497.58     18.210
     1663 1869     256.66     505.50     18.125
     1664   67     107.65       6.04     13.944
     1665 1300     165.21      20.19     18.542
     1666  199       4.76      51.72     15.421
     1667 1785     225.59      57.57     21.558
     1668  447      40.56      59.20     16.347
     1669 1627     295.94      60.28     20.706
     1670 1852     292.41      66.58     22.196
     1671 1829      70.24      70.97     22.136
     1672 1843     216.47     101.15     20.254
     1673 1624     295.09     110.66     19.321
     1674 1040     186.56     111.56     19.692
     1675  985     171.42     115.59     17.880
     1676 1655     126.65     124.21     19.575
     1677 1143     175.95     124.41     17.827
     1678  928      99.83     125.69     18.633
     1679 1216     106.70     126.80     18.899
     1680  679     124.04     184.27     16.934
     1681  266     163.42     207.00     16.964
     1682  657     219.47     223.68     17.236
     1683 1534     236.50     231.24     20.549
     1684 1909       3.72     233.87     19.995
     1685  721      45.90     236.23     17.222
     1686 1390     305.64     255.96     19.110
     1687  634     139.83     300.70     17.609
     1688  522      47.38     306.08     16.800
     1689 1352     142.97     318.43     19.079
     1690 1412     222.03     324.45     18.725
     1691  804     187.99     361.13     17.546
     1692 1312     183.87     361.97     17.759
     1693  252     310.47     370.49     15.486
     1694 1190     203.23     371.21     19.548
     1695 1260     173.88     377.56     18.176
     1696  780      39.25     380.87     17.668
     1697  211      48.82     390.73     15.253
     1698 1974     297.23     403.05     22.776
     1699  165      16.00     407.45     15.057
     1700 1972     299.25     410.08     22.984
     1701 1990     260.76     447.71     14.152
     1702 1285     230.64     482.52     19.090
     1703  798     281.32     496.18     18.487
     1704 1179     284.33     498.21     19.400
     1705 1942     313.19      14.73     15.999
     1706 1057     158.94      24.44     17.776
     1707 1925     312.84      32.03     16.879
     1708  731     147.43      85.77     17.294
     1709 1356      91.81      87.77     18.821
     1710  998     138.81     110.27     19.099
     1711 1419     180.28     114.99     18.510
     1712 1635     213.67     119.67     20.889
     1713 1670     238.12     135.35     19.064
     1714 1582     231.06     136.72     20.321
     1715 1226     239.22     153.85     18.489
     1716  319     158.89     154.91     16.099
     1717  483     301.22     155.78     17.711
     1718  932      19.02     176.24     17.995
     1719  443     169.06     176.73     17.220
     1720 1451     183.40     199.14     18.767
     1721 1160     292.94     206.44     20.297
     1722  968     172.11     209.34     17.822
     1723  493      33.14     226.80     16.678
     1724 1538     173.65     250.07     19.281
     1725 1704     118.41     265.75     20.027
     1726  639     111.72     266.67     16.892
     1727 2007     153.22     272.97     22.033
     1728  994      85.00     306.73     18.191
     1729  149      96.21     319.94     15.495
     1730  249      96.29     323.50     16.197
     1731 1393     293.76     322.02     18.965
     1732 1462       3.26     370.06     19.247
     1733  655     299.37     381.16     17.583
     1734 1254     284.32     455.49     18.814
     1735 1306      58.71     463.96     19.245
     1736 1849     142.80     492.30     20.573
     1737  320      47.98      28.02     15.979
     1738  796     164.52      92.92     20.133
     1739 1520     145.47     100.96     18.813
     1740 1607     267.74     109.79     19.623
     1741  260     144.82     113.82     15.582
     1742 1665     285.19     155.08     19.997
     1743 1892     287.02     160.45     20.820
     1744  352     156.87     161.07     18.979
     1745  793     177.09     177.50     18.037
     1746  718      14.11     196.10     17.394
     1747  810      97.36     199.43     17.457
     1748  833     100.47     225.70     19.954
     1749  805      40.00     241.05     18.047
     1750  369     225.97     260.73     16.277
     1751 1853     158.06     271.28     20.851
     1752 1504     152.43     280.48     19.252
     1753 1832     269.29     306.55     19.918
     1754 1833      30.63     317.15     19.984
     1755 1625     124.14     346.69     19.664
     1756  845     216.15     384.72     18.086
     1757 1529       7.42     436.90     19.156
     1758 1294     258.32     439.42     19.040
     1759 1793      18.31     467.67     20.052
     1760 1882     145.99     483.36     20.997
     1761 1924     142.98       2.81     16.885
     1762  445     116.85      17.99     17.011
     1763  457     164.88      75.58     18.331
     1764  799     262.40      81.28     18.834
     1765 1574      81.49     120.20     19.015
     1766 1844     135.61     128.73     20.279
     1767  750     222.36     221.53     18.398
     1768  198      38.54     248.23     15.331
     1769  127      33.76     249.57     14.616
     1770  555      25.38     310.23     16.991
     1771 1526     270.92     311.59     19.134
     1772 1782     261.89     351.85     18.523
     1773 1238     192.08     364.04     19.151
     1774 1227     205.91     397.64     18.275
     1775 1259     167.49     424.58     18.346
     1776  170      97.27     437.66     14.971
     1777 1385      46.90     467.85     18.763
     1778 1193      12.28       4.44     18.390
     1779 1276     224.81      15.20     19.903
     1780 1503     161.57      21.48     19.426
     1781 1745     219.09      98.71     20.853
     1782 1950       4.91     104.28     16.200
     1783   27      55.42     152.96     13.179
     1784 1580     115.10     268.28     19.661
     1785 1039     217.54     305.30     18.778
     1786 1069     219.82     328.89     17.993
     1787 1324     171.68     343.72     19.010
     1788 1742     194.93     386.43     23.500
     1789  514     183.49     393.99     16.691
     1790  594     101.58     447.78     16.935
     1791 1445     201.32     449.82     18.736
     1792  472      50.70      86.03     16.827
     1793 1185     149.17     142.88     19.275
     1794 1047      34.10     230.46     17.837
     1795  491       7.41     263.58     16.638
     1796  550     306.42     277.77     16.965
     1797   39      17.83     312.23     13.502
     1798 1629     123.09     239.32     18.769
     1799 1448     285.70     287.82     19.231
     1800 1463     288.22     290.31     19.476
     1801 1543     135.19     289.53     18.986
     1802  378      47.67     299.51     16.116
     1803 1809      17.75     319.33     19.384
     1804 1517       6.27     319.86     18.956
     1805  221     117.56     359.03     15.343
     1806 1798     217.79     359.96     19.660
     1807 1589      79.33     408.49     19.079
     1808  772     180.60     456.51     17.459
     1809 1103     268.58     471.54     17.978
     1810  301     296.31     486.64     15.832
     1811 1750     269.32      79.72     19.574
     1812 1447      60.58      80.33     17.690
     1813  674     177.76     119.48     21.862
     1814 1621     250.70     296.26     18.630
     1815  880      90.36     312.15     19.289
     1816 1473     144.79      44.77     19.096
     1817 1776     270.79      64.93     16.152
     1818 1183      13.97      85.66     18.349
     1819  434     101.66      99.75     19.041
     1820 1540     265.98     113.78     19.308
     1821  977      16.76     136.57     17.898
     1822 1697     180.86     137.24     20.665
     1823 1450      10.44     235.50     18.575
     1824 1355      47.43     256.21     18.694
     1825 1919      29.45     214.56     19.697
     1826  496     257.14     316.37     17.580
     1827 1367     238.07     376.19     18.660
     1828 1087     269.03     476.15     17.935
     1829  936      82.62       5.65     17.696
     1830  951     266.66      15.60     17.998
     1831  973     306.83     118.07     17.837
     1832  194     310.53     140.14     15.226
     1833 1612      63.36     487.95     18.879
     1834 1863     224.08     492.47     19.447
     1835  835     148.34      41.53     17.683
     1836  356      54.73      84.61     16.184
     1837 1142      50.87     259.98     16.747
     1838  440      49.45     262.37     17.010
     1839  632      30.43     444.50     16.865
     1840 1286      12.87      82.34     19.011
     1841  885     143.20     106.37     17.640
     1842  544     306.19     109.06     16.808
     1843 1777     176.05     136.98     18.621
     1844 1723     231.08     173.59     19.300
     1845  358      69.05     197.39     16.055
     1846  595       1.51     267.93     16.965
     1847 1456     100.13     313.03     19.271
     1848 1707      82.10     123.82     20.850
     1849 1698     244.61     307.09     17.005
     1850 1874     262.53     478.97     17.217
     1851 1249       5.58       7.16     17.828
     1852 1437     300.28      62.40     18.282
     1853 1502     246.51     297.43     18.841
     1854  327     193.41     315.20     16.484
     1855 1278     158.59      44.11     11.796
     1856 1161      32.66     130.34     15.608
     1857  131      30.66     131.98     14.870
     1858 1327     176.03     141.03     18.415
     1859 1223     179.12     145.38     18.114
     1860 1628      52.22     470.62     17.629
     1861 1933     268.55      38.02     11.548
     1862 1586      76.12     413.52     18.892
     1863 1560       1.95      27.51     19.399
     1864 1303     304.41      60.94     18.658
     1865  926     260.33     112.13     17.423
     1866 1400      26.39     216.48     19.082
     1867  963       7.96     308.88     17.742
     1868 1765     156.47     266.49     19.806
     1869 1822     118.67     282.63     20.492
     1870  209     214.57     389.93     15.378
     1871  895     167.08      39.00     18.468
     1872 1656     113.98     280.97     19.338
     1873  970     210.70     389.56     16.760
     1874  508      30.61      -0.62     11.212
     1875 1601     173.30     216.99     17.994
     1876  642     185.07     370.37     17.373
     1877 1954      53.85      86.88     17.376
     1878 1921       4.01     212.65     19.051
     1879 1457       3.81     207.34     18.619
     1880 1351      73.62     474.35     17.947
     1881 1645     268.60      35.97     11.814
     1882  884      22.72     186.38     16.219
     1883 1669      86.26     120.69     19.358
     1884 1565      87.52     125.52     19.364

