

Database of gamma-ray burst bulk properties extracted from the on-line
3B catalog in May 1996, with cluster assignments from average-linkage
hierarachical clustering, created by S. Mukherjee.  logP256 was not used 
in clustering, but was added to the database by E. Feigelson in October 1997.


SAS #   Clus #  3B cat#   log t50    log t90   logFtot    log H321  log H32  log P256

  1       1       2079.    0.8669    1.3402    -5.7794     0.2259    0.4503   -0.0273
  2       1       2751.    0.9066    1.3127    -5.7867     0.2277    0.4513   -0.3809
  3       1       548.     1.1366    1.5590    -5.2115     0.1754    0.3720    0.3002
  4       1       2695.    1.1525    1.5234    -5.2118     0.1415    0.3533   -0.2351
  5       1       2077.    1.4061    1.7961    -5.6040     0.0949    0.3283   -0.3585
  6       1       2440.    1.4356    1.7990    -5.5786     0.0928    0.2864   -0.0773
  7       1       2706.    0.9100    1.3377    -5.1972     0.3119    0.5048    0.2856
  8       1       3070.    0.8744    1.3161    -5.1501     0.2957    0.4943    0.1065
  9       1       473.     1.0826    1.4928    -5.9691    -0.1426    0.1197   -0.2565
 10       1       1667.    1.1072    1.4346    -5.9523    -0.1333    0.0827   -0.3883
 11       1       3001.    1.0962    1.4727    -5.2118     0.2864    0.5065    0.6224
 12       1       3015.    1.0492    1.4274    -5.2314     0.3167    0.5308    0.2443
 13       1       2197.    1.0849    1.6014    -5.3848     0.1715    0.3621    0.0170
 14       1       2664.    1.0962    1.5461    -5.3432     0.1355    0.3789   -0.2660
 15       1       2430.    1.0467    1.4486    -5.4849     0.0537    0.3745   -0.1586
 16       1       2950.    1.1137    1.4407    -5.5068     0.0803    0.3451    0.0990
 17       1       1730.    1.1386    1.4919    -5.7033     0.1799    0.4197   -0.2284
 18       1       2985.    1.1366    1.4928    -5.7701     0.1774    0.3731   -0.0580
 19       1       1567.    0.7253    1.2343    -5.6394     0.0414    0.2769   -0.2708
 20       1       2620.    0.7793    1.2760    -5.6828     0.0268    0.2930    0.1329
 21       1       2267.    0.7457    1.1486    -5.3960     0.3108    0.4956   -0.0159
 22       1       2662.    0.8018    1.2076    -5.3904     0.2988    0.5244    0.1796
 23       1       226.     1.7885    2.3448    -4.4044     0.2437    0.4680    0.1133
 24       1       1156.    1.8027    2.2766    -4.4318     0.2797    0.4980   -0.2083
 25       1       2328.    1.2439    1.7323    -5.0899     0.0015    0.2584    0.1948
 26       1       2696.    1.2375    1.6587    -5.1203     0.0342    0.2826    0.0611
 27       1       1036.    1.5163    2.0004    -5.2611     0.1534    0.3973   -0.0287
 28       1       3093.    1.5613    1.9511    -5.2275     0.1326    0.3509    0.3066
 29       1       1967.    1.0048    1.4050    -5.3572     0.2069    0.3723    0.2348
 30       1       3005.    0.9523    1.4294    -5.3655     0.1722    0.4393   -0.0472
 31       1       1709.    0.2041    0.5386    -4.9727     0.2174    0.4199    1.1053
 32       1       3039.    0.2212    0.5605    -5.0492     0.2573    0.4530    0.8767
 33       1       2219.    0.6257    1.0492    -5.7455     0.0858    0.3794    0.2098
 34       1       3026.    0.5843    1.0417    -5.6631     0.0835    0.3519    0.0187
 35       1       408.     1.5497    1.9317    -5.1911     0.0309    0.2161    0.1569
 36       1       2346.    1.5778    1.9196    -5.2636     0.0271    0.2728    0.4664
 37       1       1604.    0.9852    1.4594    -5.5933     0.0756    0.3275   -0.2733
 38       1       2311.    0.9508    1.4216    -5.5240     0.0295    0.3353   -0.1255
 39       1       2432.    0.6513    1.1346    -5.3880     0.1395    0.4351    0.1000
 40       1       2510.    0.7038    1.1918    -5.3814     0.1862    0.3927   -0.0958
 41       1       1085.    0.7604    1.2833    -4.2292     0.1906    0.3452    1.4822
 42       1       1141.    0.8396    1.3031    -4.2400     0.1549    0.3908    0.9545
 43       1       594.     1.1426    1.4294    -5.3074     0.4189    0.5881   -0.0595
 44       1       1559.    1.1006    1.5103    -5.2600     0.4307    0.5758   -0.0173
 45       1       2315.    0.9794    1.2862    -5.1644     0.2786    0.4961    0.2204
 46       1       2482.    1.0757    1.5513    -5.3782     0.0176    0.2240    0.1206
 47       1       2600.    0.9909    1.5025    -5.3730     0.0542    0.2349    0.1399
 48       1       1385.    1.1846    1.7141    -4.0253     0.4472    0.6390    0.5583
 49       1       2929.    1.1486    1.6310    -4.0730     0.4622    0.6597    0.7720
 50       1       2541.    1.5540    1.9512    -5.2439    -0.0570    0.2212    0.0795
 51       1       2387.    1.1137    1.6231    -4.6542     0.2843    0.4531    0.5867
 52       1       2450.    1.0757    1.6617    -4.5629     0.2833    0.4707    0.8790
 53       1       1661.    1.1263    1.5643    -5.2821     0.2248    0.4930   -0.3947
 54       1       2101.    1.1545    1.4801    -5.2746     0.2838    0.5080   -0.3179
 55       1       2852.    1.0962    1.5222    -4.2906     0.4836    0.6330    0.8236
 56       1       3003.    1.0315    1.5756    -4.2548     0.4252    0.6546    0.4512
 57       1       2111.    1.1772    1.4632    -5.3402     0.0858    0.2466    0.0871
 58       1       3109.    1.1325    1.5378    -5.2910     0.0379    0.2533    0.0813
 59       1       795.     1.3286    1.7667    -5.4406     0.0263    0.2915    0.0473
 60       1       2093.    1.3017    1.7643    -5.4701    -0.0406    0.2123   -0.0083
 61       1       130.     1.5288    1.7921    -4.4115     0.2235    0.4419    0.5401
 62       1       1676.    1.4883    1.7226    -4.4516     0.2815    0.4760    1.0208
 63       1       398.     1.0157    1.4082    -5.2255     0.1891    0.4171    0.2340
 64       1       563.     0.9365    1.3527    -5.1768     0.1705    0.3880    0.2755
 65       1       1197.    0.9735    1.3756    -5.4836    -0.0794    0.1734    0.0741
 66       1       2452.    1.0157    1.3613    -5.3803    -0.0823    0.1913   -0.0031
 67       1       1561.    0.9268    1.3552    -5.7662     0.0860    0.3961   -0.0921
 68       1       3120.    0.9852    1.2753    -5.7137     0.1124    0.4051    0.0599
 69       1       2700.    1.5138    1.7628    -4.6405     0.2719    0.4989    0.6082
 70       1       2790.    1.4746    1.6556    -4.6582     0.2749    0.5058    0.5405
 71       1       2500.    1.5929    1.8507    -4.9865     0.1329    0.3652    0.0934
 72       1       3076.    1.6283    1.9251    -4.9867     0.0602    0.3235    0.1433
 73       1       3055.    1.2847    1.6090    -5.0757     0.0559    0.2438    0.2494
 74       1       2569.    0.9461    1.3744    -5.7921    -0.0172    0.3099    0.0111
 75       1       3129.    0.9461    1.3038    -5.8480     0.0558    0.3351   -0.1959
 76       1       3040.    1.0467    1.4147    -5.5018     0.1566    0.4113    0.2225
 77       1       2925.    0.8781    1.2343    -5.7491     0.1732    0.4110    0.1136
 78       1       1740.    1.5095    1.8036    -5.5810     0.4662    0.6396   -0.0841
 79       1       2419.    1.5205    1.8823    -5.5151     0.5288    0.6275   -0.2596
 80       1       2589.    1.4924    1.7479    -5.7747    -0.1151    0.2307   -0.1397
 81       1       3135.    1.5374    1.6924    -5.8592    -0.0990    0.1832   -0.1308
 82       1       3011.    1.3661    1.6960    -4.9991     0.6437    0.8072    0.2266
 83       1       3029.    1.3003    1.6507    -5.0513     0.7173    0.8228   -0.1403
 84       1       1449.    1.3552    1.5213    -5.3228     0.0580    0.3041    0.1667
 85       1       1628.    1.3490    1.5636    -5.2163     0.0697    0.3432    0.1480
 86       1       1086.    1.0940    1.3540    -6.0942     0.0076    0.3321   -0.4908
 87       1       2204.    1.0492    1.3625    -5.9965     0.0661    0.3321   -0.1427
 88       1       1303.    0.8996    1.3273    -4.8435     0.4110    0.6809   -0.0814
 89       1       2106.    0.8961    1.4158    -4.9002     0.4300    0.6199    0.1937
 90       1       2697.    0.6754    1.1366    -5.3891     0.0565    0.3807    0.0973
 91       1       1731.    0.8996    1.1989    -4.9231     0.4712    0.6283    0.3576
 92       1       2586.    0.8996    1.1094    -4.8381     0.4625    0.6263    0.9366
 93       1       1042.    1.2343    1.3984    -5.6902    -0.2608   -0.0036    0.0948
 94       1       3132.    1.1698    1.3167    -5.7520    -0.2279    0.0013   -0.0367
 95       1       1683.    0.2041    0.5915    -5.0275     0.3375    0.5380    0.8605
 96       1       2894.    0.2041    0.5770    -4.9064     0.3419    0.5058    0.9387
 97       1       1200.    0.8631    1.4427    -5.4224    -0.0624    0.1943    0.0678
 98       1       2593.    0.9645    1.4755    -5.3656    -0.0813    0.2267    0.1937
 99       1       2603.    0.9735    1.3928    -5.0269    -0.1041    0.1389    0.5041
100       1       3174.    0.9852    1.3038    -5.1111    -0.0753    0.1479   -0.2882
101       1       773.     1.3154    1.7853    -5.5844     0.0294    0.3143   -0.0462
102       1       1806.    1.1971    1.4946    -5.8119     0.0788    0.3178   -0.2874
103       1       2310.    1.1651    1.4299    -5.8176     0.0761    0.4224   -0.2815
104       1       1446.    0.9645    1.5255    -5.5642     0.3063    0.5287   -0.3161
105       1       2688.    1.0639    1.5528    -5.5013     0.2850    0.4901    0.0346
106       1       2891.    1.2059    1.7834    -3.9921     0.5310    0.7286    0.9402
107       1       2994.    1.1864    1.6864    -3.9703     0.5727    0.7962    1.1590
108       1       2391.    0.7793    1.1436    -5.3898     0.2414    0.4113   -0.4584
109       1       803.     0.6450    0.8593    -5.7612     0.2956    0.4632    0.0719
110       1       2932.    0.5992    0.9600    -5.7385     0.3039    0.4006   -0.2396
111       1       257.     1.4545    1.9076    -4.4344     0.3021    0.5116    0.2333
112       1       2228.    1.4810    1.9548    -4.5461     0.2900    0.4764    0.9088
113       1       1515.    1.5704    1.8495    -5.2485     0.3418    0.6535   -0.0794
114       1       2277.    1.5613    1.8420    -5.3581     0.3728    0.5926    0.0667
115       1       2189.    0.9461    1.3127    -5.7409     0.2169    0.3468   -0.2798
116       1       394.     1.5681    2.0258    -4.1430     0.2767    0.5480    0.6792
117       1       3035.    1.5536    1.9467    -4.2217     0.3378    0.5179    0.7800
118       1       2306.    0.5986    1.3247    -5.4762     0.4034    0.4916    0.0035
119       1       2900.    0.5505    1.2587    -5.4868     0.3633    0.5863   -0.3316
120       1       2476.    1.1584    1.5008    -5.0262    -0.1269    0.1549    0.2440
121       1       3119.    1.1325    1.5513    -5.1270    -0.1295    0.2213   -0.1209
122       1       2233.    0.8062    1.1525    -5.6227     0.2236    0.4906   -0.4989
123       1       3168.    0.8190    1.2572    -5.6080     0.1897    0.5652   -0.2950
124       1       469.     0.5986    1.1882    -4.9711     0.3983    0.6272    0.6255
125       1       1883.    0.5544    1.2391    -5.0378     0.3274    0.5600    0.7160
126       1       1218.    0.6124    0.9764    -5.7481     0.1225    0.2758    0.0952
127       1       1660.    1.4792    1.7315    -5.3555    -0.0092    0.2522    0.2225
128       1       3075.    1.5188    1.6393    -5.3153     0.0515    0.3090    0.3646
129       1       2340.    1.0639    1.3515    -5.3882     0.1495    0.3471    0.2057
130       1       1452.    0.7974    1.0849    -5.9130     0.2755    0.4111   -0.1068
131       1       3012.    0.7885    0.9965    -5.9322     0.1724    0.4036   -0.0009
132       1       2511.    1.5077    1.8081    -5.9020    -0.0855    0.2030    0.2533
133       1       559.     1.3003    1.5337    -4.9689     0.1670    0.2914   -0.3936
134       1       2451.    1.2549    1.5442    -5.0867     0.1163    0.3281    0.4504
135       1       171.     1.1094    1.3939    -5.7340    -0.0507    0.2440   -0.1898
136       1       1714.    1.0341    1.3732    -5.8182    -0.1182    0.2922   -0.4789
137       1       647.     1.2261    1.7751    -4.6803     0.2825    0.4297    0.8494
138       1       1997.    1.2311    1.7798    -4.6101     0.1592    0.4282    1.2134
139       1       222.     1.7561    1.8638    -5.1475     0.1806    0.4239    0.6010
140       1       2727.    1.6736    1.8081    -5.1883     0.1281    0.5016   -0.3458
141       1       503.     1.5017    1.6689    -5.2391     0.4925    0.6601    0.7037
142       1       2610.    1.4892    1.6876    -5.2005     0.3610    0.6237    0.1186
143       1       2102.    0.5544    1.0615    -5.6089     0.1861    0.4777    0.2079
144       1       2203.    0.5138    1.1791    -5.6607     0.1550    0.4353    0.1348
145       1       2018.    0.8190    1.2076    -5.6265    -0.2385    0.0433    0.0120
146       1       2660.    0.8105    1.2278    -5.7194    -0.1461    0.1038   -0.0315
147       1       673.     1.1179    1.4386    -5.9740     0.0256    0.1519   -0.5243
148       1       2636.    1.1603    1.4955    -5.8589    -0.0289    0.1636   -0.1169
149       1       1540.    1.2076    1.7437    -5.6751     0.1780    0.3666   -0.0535
150       1       2505.    1.2767    1.8133    -5.6434     0.2295    0.4590   -0.1637
151       1       3143.    0.2092    0.6177    -5.2057     0.2387    0.5007    0.4131
152       1       3155.    0.1072    0.6927    -5.2521     0.2683    0.5532    0.2662
153       1       1122.    0.7839    1.2730    -4.6008     0.2564    0.5047    1.0645
154       1       2371.    0.8105    1.2580    -4.7335     0.2643    0.4468    0.6712
155       1       109.     1.6731    1.9551    -4.2296     0.1783    0.3841    0.5587
156       1       1606.    1.7273    1.9473    -4.2076     0.2786    0.4761    0.8933
157       1       841.     0.7604    1.2407    -5.2253     0.0019    0.2324    0.7838
158       1       2898.    0.8274    1.1754    -5.2221    -0.0860    0.3084   -0.1057
159       1       2709.    0.9523    1.2671    -5.1259     0.3936    0.5705    0.2984
160       1       332.     1.1386    1.7044    -5.3959     0.1352    0.3326    0.0748
161       1       927.     0.9615    1.4467    -6.2002    -0.4414   -0.1889   -0.2277
162       1       2671.    0.9705    1.4977    -6.0788    -0.3759   -0.1514   -0.4214
163       1       2775.    1.1222    1.5003    -5.3893    -0.0715    0.1924   -0.3468
164       1       820.     1.2144    1.5008    -5.3272     0.6722    0.9138   -0.2557
165       1       1551.    1.0849    1.4689    -5.2886     0.7370    0.8969   -0.2351
166       1       1235.    2.1442    2.2786    -4.9917     0.1304    0.3996    0.4038
167       1       2435.    2.0018    2.2937    -5.0135     0.1241    0.3467    0.1418
168       1       2608.    1.1918    1.4694    -6.0685    -0.1710    0.1233   -0.0448
169       1       2252.    1.1028    1.5481    -5.6330     0.2499    0.4974   -0.1931
170       1       2191.    0.8669    1.4028    -5.3375     0.3036    0.5724   -0.0804
171       1       2864.    0.9764    1.4906    -5.3293     0.3427    0.5185   -0.1643
172       1       1574.    1.7652    2.0330    -5.0698     0.0632    0.3277   -0.1720
173       1       2948.    1.6881    2.0052    -4.9867    -0.0346    0.2921   -0.1549
174       1       824.     1.1864    1.6034    -5.5887    -0.2224    0.0274   -0.1612
175       1       1432.    1.2311    1.5879    -5.5709    -0.1926    0.1724   -0.2984
176       1       1956.    0.6124    1.1466    -5.2619     0.1417    0.3897    0.4106
177       1       549.     0.9909    1.1584    -5.8692     0.0883    0.3010   -0.4763
178       1       630.     0.9031    1.2595    -5.9241     0.0504    0.2540   -0.2211
179       1       829.     0.7793    1.2391    -4.9990     0.0203    0.1571    0.8122
180       1       1406.    0.8925    1.3003    -4.9910    -0.0394    0.2255    0.2940
181       1       2853.    0.7038    1.1456    -5.4920     0.3523    0.4439   -0.0675
182       1       2019.    1.0803    1.3364    -5.1114     0.2093    0.4253    0.1617
183       1       1472.    0.7885    1.1971    -5.2942     0.1717    0.3755    0.1647
184       1       3032.    0.9066    1.1179    -5.3272     0.2306    0.3490    0.3653
185       1       658.     0.7793    1.3154    -5.5222     0.0131    0.2355    0.1075
186       1       764.     0.8925    1.3181    -5.6319     0.0395    0.2357   -0.0132
187       1       761.     1.6034    1.9110    -4.4747     0.2675    0.4533    0.5062
188       1       1126.    0.9823    1.3072    -5.6533     0.3708    0.5934   -0.0964
189       1       2753.    0.9365    1.3377    -5.5203     0.3113    0.5558   -0.0004
190       1       1447.    1.0467    1.3564    -5.0632     0.3619    0.5297    0.2413
191       1       1815.    1.0341    1.2961    -4.9527     0.2808    0.4723    0.6066
192       1       543.     0.3377    0.6870    -5.1125     0.1838    0.3433    1.0235
193       1       2736.    0.2000    0.7046    -5.1422     0.1387    0.4069    0.6869
194       1       938.     0.9615    1.4910    -5.6801    -0.0612    0.1831    0.0220
195       1       2947.    0.9735    1.3408    -5.7387    -0.0462    0.1701   -0.2716
196       1       869.     1.2862    2.0432    -4.7268     0.3257    0.4740    0.5462
197       1       2429.    1.3140    1.9357    -4.7615     0.2330    0.4063    0.1427
198       1       1580.    1.1809    1.5894    -5.3226     0.3551    0.5323    0.0824
199       1       2931.    1.1426    1.6674    -5.4279     0.2762    0.4893   -0.1096
200       1       2119.    0.7407    1.1846    -5.8114     0.2583    0.4261   -0.0250
201       1       2367.    0.8018    1.2745    -5.8976     0.1708    0.4181    0.6104
202       1       591.     1.4865    1.7487    -5.4996     0.0951    0.3704   -0.0768
203       1       1213.    1.0940    1.3059    -5.9864     0.5525    0.7198   -0.3686
204       1       2857.    1.0035    1.3899    -5.8996     0.4882    0.6971   -0.2596
205       1       1623.    1.3984    1.8203    -4.4839     0.4509    0.6789    0.4741
206       1       2383.    1.3502    1.7071    -4.4796     0.5423    0.7419    0.4861
207       1       1651.    0.5843    0.9300    -5.2708     0.1115    0.4674    0.4459
208       1       3084.    0.6927    0.9823    -5.2905     0.2230    0.4852    0.3475
209       1       3072.    0.5986    0.9397    -5.6765     0.1694    0.4390    0.0278
210       1       2304.    1.2526    1.7348    -5.5235     0.1590    0.4093   -0.1152
211       1       2080.    1.3564    1.7305    -4.4841     0.3203    0.5014    0.7514
212       1       2703.    1.3540    1.7609    -4.6242     0.3485    0.5832    0.4607
213       1       2394.    1.7802    2.1463    -5.1637     0.1580    0.4168    0.0477
214       1       2581.    1.7098    2.0185    -5.0867     0.1552    0.4474    0.2198
215       1       2090.    0.9365    1.5814    -4.7991     0.2768    0.5109    1.0067
216       1       3101.    0.9235    1.5726    -4.9651     0.2734    0.4877    0.3460
217       1       1586.    1.7346    1.9569    -5.3252     0.0141    0.1955   -0.0429
218       1       2519.    1.7983    1.9554    -5.2126     0.0639    0.2913    0.1844
219       1       1578.    0.8018    1.3127    -4.9003     0.3149    0.4779    0.5737
220       1       2443.    0.7507    1.4608    -4.8424     0.2925    0.4688    0.3212
221       1       1807.    1.4221    1.7638    -5.1152     0.1498    0.3994    0.2819
222       1       3017.    1.4829    1.8782    -5.1079     0.2408    0.4574   -0.0391
223       1       2663.    0.7305    1.0872    -5.7791     0.0865    0.2991   -0.1864
224       1       606.     0.9333    1.3167    -5.5040     0.1953    0.4314    0.0220
225       1       2253.    1.0615    1.2933    -5.5933     0.2477    0.4697    0.3377
226       1       2373.    1.1446    1.7203    -5.8356     0.0834    0.2973   -0.2976
227       1       3074.    1.2455    1.6355    -5.8914     0.1461    0.3666   -0.3904
228       1       2812.    1.1506    1.4865    -4.5933     0.3398    0.5300    1.0219
229       1       2863.    1.2076    1.6297    -4.6588     0.3284    0.5665    0.2629
230       1       2213.    1.7131    1.7916    -5.0320     0.2206    0.4521    0.6619
231       1       1291.    0.8356    1.1846    -5.3347     0.5674    0.7327    0.2799
232       1       2560.    0.7839    1.2502    -5.1915     0.5286    0.7608   -0.0292
233       1       2140.    0.8315    1.2804    -5.8921    -0.2580    0.1300   -0.2840
234       1       2392.    0.8669    1.3113    -5.8778    -0.1212    0.2232   -0.2284
235       1       2211.    1.8327    1.9254    -4.8259     0.4074    0.6336    0.1452
236       1       2961.    1.7087    1.9476    -4.9304     0.4451    0.6737   -0.2495
237       1       2570.    0.7930    1.1406    -4.9997     0.4461    0.6058    0.4076
238       1       1657.    0.6983    1.1242    -5.9857     0.3408    0.5360   -0.4271
239       1       2437.    0.6191    1.2015    -6.0315     0.3959    0.6483   -0.3143
240       1       467.     0.9461    1.5763    -5.1715     0.4500    0.6386    0.8881
241       1       3142.    0.9268    1.5197    -5.3364     0.4692    0.6358    0.3077
242       1       2380.    1.6494    1.9137    -5.2261     0.4549    0.6510   -0.0168
243       1       472.     1.5763    1.9147    -5.3996    -0.0054    0.2592   -0.0696
244       1       288.     1.3312    1.6144    -5.2641    -0.0578    0.2377   -0.2848
245       1       2362.    1.4348    1.6564    -5.6938    -0.1748    0.1501    0.5256
246       1       3103.    1.5879    1.7310    -5.7156    -0.1676    0.1048   -0.2111
247       1       1279.    1.0757    1.5770    -5.7361     0.0289    0.2775    0.0806
248       1       2047.    1.0872    1.6137    -5.6216     0.1113    0.3803    0.3253
249       1       2484.    0.6513    1.0566    -5.5919     0.3430    0.5492    0.1906
250       1       2725.    0.5138    1.0542    -5.6700     0.4111    0.4981   -0.2890
251       1       2143.    1.0663    1.3478    -5.3664     0.3564    0.5416   -0.1096
252       1       1558.    1.0366    1.4407    -5.8623     0.1563    0.4228   -0.4112
253       1       1456.    1.2455    1.6801    -5.5538     0.0005    0.3437   -0.2733
254       1       1611.    1.4670    1.5473    -6.4471     0.3448    0.5446   -0.0026
255       1       2069.    1.4847    1.6847    -6.4114     0.3816    0.6560   -0.3179
256       1       825.     1.3478    1.8744    -5.4578     0.0924    0.4093   -0.3862
257       1       1885.    1.3972    1.7898    -5.4693     0.2431    0.3669   -0.1198
258       1       2321.    0.5051    0.9235    -5.0195     0.3178    0.5437    0.8774
259       1       3164.    0.4594    0.8744    -5.1755     0.3193    0.6183   -0.1427
260       1       2477.    0.8781    1.2006    -5.6142     0.2766    0.3786    0.1159
261       1       2855.    1.1200    1.6283    -3.9506     0.6668    0.8129    0.9790
262       1       1244.    1.3552    1.7580    -5.5053    -0.2884    0.1212   -0.0670
263       1       1590.    1.4856    1.8420    -5.5092    -0.1928    0.1658   -0.2388
264       1       143.     0.8274    1.7060    -3.5348     0.5348    0.7787    1.6773
265       1       2798.    0.9554    1.6915    -3.6360     0.5840    0.6990    1.3756
266       1       148.     1.0157    1.6000    -5.6782    -0.1929    0.1040    0.1474
267       1       2998.    0.9880    1.5193    -5.5311    -0.1122    0.1282    0.0856
268       1       235.     1.0130    1.4221    -5.5283     0.4248    0.6550   -0.2581
269       1       1642.    1.4526    1.9184    -5.6302     0.3755    0.5063   -0.2984
270       1       2405.    1.3995    1.8063    -5.7051     0.4077    0.6255   -0.0458
271       1       2890.    1.3791    1.7125    -4.3173     0.5095    0.7210    0.3659
272       1       1390.    0.8631    1.2487    -5.4169     0.1510    0.2730   -0.4634
273       1       2298.    1.5008    1.8452    -5.3313     0.2155    0.4776   -0.2692
274       1       2441.    1.4000    1.7664    -5.2703     0.0942    0.4344   -0.4157
275       1       1152.    2.2071    2.4391    -5.4799     0.1576    0.4341   -0.5452
276       1       2244.    2.3613    2.4180    -5.4946     0.2681    0.4589   -0.3242
277       1       2123.    0.9300    1.3415    -5.1963     0.0015    0.2507    0.3269
278       1       2665.    1.0184    1.4856    -5.2073    -0.0744    0.1960    0.2980
279       1       2344.    1.1346    1.4986    -5.0806     0.2271    0.5055   -0.3420
280       1       160.     0.9235    1.2311    -5.3137     0.3535    0.5620    0.4771
281       1       2993.    1.2471    1.6513    -4.1889     0.5100    0.7279    0.5080
282       1       2438.    0.6983    1.2648    -5.6415    -0.0928    0.1592    0.4544
283       1       3159.    1.1446    1.2610    -6.0448    -0.0928    0.2709    0.0195
284       1       1123.    1.2375    1.5069    -5.9140     0.3576    0.6150   -0.3188
285       1       1626.    1.3685    1.4820    -5.8733     0.2614    0.5164    0.4214
286       1       3071.    1.4221    1.8533    -4.3838     0.1438    0.3820   -0.0297
287       1       404.     1.4708    2.0913    -5.2823     0.0409    0.2765    0.0026
288       1       1656.    1.4536    2.2619    -5.3812     0.0299    0.2755    0.1578
289       1       686.     0.6983    1.0467    -5.6484     0.1682    0.5149   -0.0315
290       1       676.     1.2656    1.8911    -4.3778     0.4910    0.7254    0.6231
291       1       2889.    1.3140    1.8803    -4.1869     0.5090    0.7001    0.7725
292       1       121.     1.6870    1.8751    -4.7647    -0.0315    0.2578    0.1749
293       1       2149.    1.6915    1.9038    -4.8557    -0.1649    0.1419    0.1443
294       1       2070.    1.3720    1.7422    -5.8425     0.3202    0.5193   -0.1931
295       1       2472.    1.2391    1.6201    -5.7607     0.3524    0.5291   -0.4134
296       1       2188.    1.7076    1.8714    -5.3409     0.1006    0.3811   -0.0747
297       1       2345.    1.7221    1.9492    -5.2568     0.2522    0.4467    0.3955
298       1       1652.    1.3791    1.8307    -4.6057     0.1560    0.3499    0.6111
299       1       678.     1.3127    1.7315    -3.6002     0.4776    0.7169    0.7907
300       1       2533.    1.4147    1.8710    -3.6947     0.5223    0.6834    0.9503
301       1       2324.    1.4386    1.9671    -5.0589     0.1668    0.3275   -0.0835
302       1       3091.    0.6754    0.9764    -5.6805    -0.0396    0.2392   -0.0670
303       1       1039.    0.8744    1.6303    -5.6108    -0.0889    0.2057    0.1408
304       1       1924.    0.8018    1.4242    -5.2520     0.2190    0.4734    0.0671
305       1       907.     2.0330    2.1989    -4.7891     0.1313    0.3731    0.5525
306       1       2530.    1.9117    2.2898    -4.7078     0.0440    0.2984    0.2695
307       1       3134.    0.6695    1.1294    -5.7357    -0.2144    0.1444   -0.2125
308       1       223.     1.3576    1.4651    -6.5458     0.1586    0.4131   -0.3401
309       1       2862.    1.4320    1.6214    -6.4342     0.1527    0.3821   -0.0391
310       1       2061.    1.8642    2.2422    -4.2369     0.5397    0.7000    0.3410
311       1       3042.    2.0007    2.2600    -4.1544     0.4205    0.6345    0.8289
312       1       3085.    0.6191    1.0517    -5.4322     0.0071    0.3195    0.1252
313       1       1733.    0.8706    1.5666    -4.5048     0.5261    0.7231    0.4777
314       1       2984.    1.0710    1.5163    -4.4678     0.5089    0.7093    0.6641
315       1       1467.    0.8631    1.4284    -5.0035     0.1996    0.4691    0.3543
316       1       1087.    1.3478    1.4407    -5.8551     0.0434    0.2915   -0.0711
317       1       1192.    1.4417    1.6257    -5.8911     0.0242    0.2747   -0.2147
318       1       3153.    1.1660    1.5056    -5.2235    -0.2202    0.0835   -0.1267
319       1       660.     0.7407    1.3045    -5.1338     0.3150    0.5151    0.6581
320       1       3130.    0.9523    1.2671    -5.9602    -0.1834    0.0226   -0.2676
321       1       2996.    1.3453    1.7063    -5.3024    -0.3179    0.0517   -0.3799
322       1       3100.    1.2833    1.6556    -5.2581    -0.4163   -0.1228    0.0934
323       1       1148.    1.1754    1.6932    -4.9490     0.5651    0.7300    0.1661
324       1       2780.    1.1828    1.7294    -4.8322     0.7081    0.8450    0.2022
325       1       133.     1.9788    2.2601    -5.2411     0.2106    0.5105   -0.1811  
326       1       2924.    2.0336    2.1370    -5.2579     0.3066    0.3644   -0.1481
327       1       2825.    1.1083    1.5065    -5.4530     0.8172    0.8172   -0.4123
328       1       2628.    0.2375    0.7700    -5.3650     0.3289    0.4989    0.8517
329       1       704.     1.3576    1.6617    -5.3422     0.3549    0.5525    0.1364
330       1       2619.    1.5598    2.1820    -4.6912     0.0473    0.2878   -0.1331
331       1       2922.    1.7387    2.2062    -4.7857     0.1271    0.3312    0.4550
332       1       2240.    1.3181    1.6254    -5.7147     0.0591    0.3361   -0.2233
333       1       249.     0.8232    1.4555    -3.8232     0.3562    0.5415    1.5393
334       1       1541.    1.0237    1.4190    -3.8587     0.4243    0.5980    1.5513
335       1       3128.    1.1506    1.5077    -3.9688     0.5653    0.7062    1.0938
336       1       2087.    0.4396    1.0048    -5.5028     0.3130    0.5469    0.3233
337       1       2190.    1.6021    2.1331    -4.9759     0.1144    0.4250    0.2603
338       1       2877.    1.4623    2.0573    -4.8560     0.0782    0.3179    0.4648
339       1       2447.    1.5197    1.8081    -5.4636    -0.2584   -0.0346   -0.2581
340       1       1742.    1.0263    1.7173    -5.5243     0.0114    0.3027   -0.1040
341       1       2081.    0.6124    1.1953    -5.2615     0.6118    0.7985    0.0607
342       1       741.     0.7305    1.0962    -5.8560     0.3189    0.6971   -0.4868
343       1       3138.    0.3502    0.7147    -4.9531     0.2409    0.4442    1.2208
344       1       2037.    0.5544    0.7974    -4.8906     0.5430    0.7412    0.8710
345       1       2793.    0.3625    0.8436    -4.8147     0.6261    0.8003    0.6042
346       1       2919.    0.6055    1.3079    -4.5924     0.3289    0.5256    0.7614
347       1       2074.    1.2580    1.9221    -4.9473     0.2615    0.4792    0.1153
348       1       815.     1.0103    1.4050    -5.6411    -0.2380    0.0820   -0.1844
349       1       2774.    1.0517    1.7414    -5.2301     0.2099    0.4405   -0.2628
350       1       2232.    0.8062    1.7521    -4.9176     0.3080    0.5376    0.7795
351       1       2522.    1.7536    1.9195    -4.6643     0.3669    0.5941    0.5089
352       1       2916.    0.7507    1.0062    -5.5123     0.1496    0.3686    0.0124
353       1       2681.    1.2641    1.7439    -5.1372     0.4524    0.6452    0.2146
354       1       3102.    1.1754    1.5689    -5.0308     0.3853    0.5811   -0.0200
355       1       2181.    1.2595    1.9854    -5.5977     0.1868    0.4599   -0.1325
356       1       1687.    1.1446    1.5103    -6.1433     0.0181    0.1773   -0.3335
357       1       2122.    1.5726    2.0815    -4.3720     0.2559    0.4871    0.2767
358       1       2446.    0.6754    0.9168    -5.0449     0.4301    0.5832    0.5832
359       1       2187.    0.9031    1.3527    -6.0595     0.0865    0.4050   -0.3799
360       1       1819.    1.2533    1.7242    -5.4134     0.6950    0.8310    0.3021
361       1       2495.    1.3154    1.5807    -5.3557     0.5568    0.7121   -0.1580
362       1       1468.    1.0210    1.7087    -4.4819     0.6638    0.8727    0.5237
363       1       1601.    0.9429    1.6858    -4.6822     0.7250    0.9767    0.3302
364       1       111.     1.6204    1.9920    -5.2993    -0.1718    0.0289   -0.1878
365       1       1046.    1.5636    2.0583    -5.1302    -0.1221    0.1818   -0.0255
366       1       1157.    0.9675    2.2319    -4.6592     0.2765    0.5387    1.0017
367       1       1419.    1.0210    2.0881    -4.6619     0.1462    0.3911    0.6537
368       1       2992.    1.0734    1.2261    -6.0980     0.4334    0.6094   -0.2848
369       1       1396.    1.1791    1.3221    -5.5837     0.1110    0.3265    0.2258
370       1       1579.    1.4028    1.8661    -4.7358     0.6611    0.8340    0.5116
371       1       3171.    1.5329    1.7575    -4.7586     0.5472    0.6911   -0.2125
372       1       577.     1.7599    2.2549    -5.5262     0.0809    0.3379   -0.1007
373       1       1614.    1.8018    2.3325    -5.3419     0.2209    0.3770    0.0060
374       1       840.     1.7087    1.8839    -5.3778     0.6152    0.7599    0.1149
375       1       2375.    1.5528    1.8315    -5.2096     0.5481    0.8158    0.0430
376       1       2927.    0.8908    1.5357    -5.8706    -0.1017    0.2110   -0.2366
377       1       1655.    1.2076    1.8270    -5.5151    -0.1959    0.0802   -0.3487
378       1       2634.    1.0895    1.7683    -5.0569     0.0305    0.2892    0.1380
379       1       1288.    2.0010    2.5032    -4.4412     0.4835    0.6220    0.8164
380       1       1712.    1.8135    2.4881    -4.5872     0.4012    0.5801    0.4911
381       1       2385.    0.8396    1.2518    -5.9440     0.4351    0.5435   -0.2503
382       1       1717.    0.5222    1.1660    -5.3190     0.2653    0.4825    0.4774
383       1       214.     1.2745    1.6599    -5.8996    -0.3104   -0.0265   -0.1238
384       1       1552.    1.2745    1.6841    -5.8196    -0.1305    0.1394   -0.4425
385       1       1009.    2.4404    2.5523    -4.9763     0.0252    0.2837   -0.1580
386       1       3156.    2.2954    2.4771    -5.0110    -0.1558    0.1924   -0.2534
387       1       351.     1.7189    2.1672    -4.4564     0.0905    0.3812    0.0885
388       1       1150.    1.3950    1.7898    -5.1725    -0.0695    0.2535    0.2325
389       1       2316.    1.0590    1.4651    -4.2667     0.2187    0.4880    0.6065
390       1       2953.    1.0492    1.2261    -4.3056     0.3197    0.5335    1.2431
391       1       2843.    0.8274    1.0467    -5.4304     0.5174    0.7265    0.1821
392       1       1663.    1.0263    1.5559    -3.7689     0.5699    0.7350    1.2788
393       1       973.     1.3465    1.9542    -4.3499     0.3090    0.5891    0.7233
394       1       816.     1.3767    1.9588    -5.5084    -0.5825   -0.0237   -0.4828
395       1       1653.    1.3515    1.7983    -5.6211    -0.3910   -0.0591   -0.1518
396       1       2606.    1.6742    2.1293    -4.0681     0.3498    0.5517    0.3762
397       1       1384.    1.4928    1.6915    -6.3137     0.4679    0.8119    0.1196
398       1       659.     1.5222    2.0089    -5.1186    -0.3385   -0.0097    0.0124
399       1       1704.    0.8190    0.9852    -5.6101    -0.1099    0.0580   -0.2652
400       1       1700.    0.7305    1.3756    -5.7053     0.2806    0.5138    0.0060
401       1       2041.    0.1486    0.7356    -5.2311     0.6915    0.8112    0.3815
402       1       2044.    0.1284    0.8062    -5.4515     0.6731    0.9774   -0.2147
403       1       2067.    0.8396    1.4892    -4.0457     0.5013    0.6601    1.2577
404       1       3056.    0.9965    1.5601    -4.8540     0.0999    0.3682    0.3826
405       1       1025.   -0.0477    0.4190    -5.1345     0.1204    0.3234    1.2115
406       1       2799.   -0.1068    0.5070    -5.3910     0.1709    0.4061    0.8481
407       1       2640.    0.4294    1.4147    -5.4536    -0.0101    0.3002    0.0434
408       1       2749.    0.3744    1.2518    -5.6492    -0.1228    0.2211    0.0938
409       1       1440.    0.4396    1.3871    -4.8294     0.4120    0.6204    1.0605
410       1       1993.    1.3194    1.4838    -5.6059    -0.3935   -0.0575    0.2287
411       1       237.     1.4801    1.6076    -6.0394     0.4040    0.6624   -0.0835
412       1       946.     1.4315    1.6858    -5.7828     0.4637    0.7840   -0.2168
413       1       2309.    1.1094    1.3113    -5.2013     0.6142    0.7834    0.1408
414       1       2691.    1.0663    1.4274    -4.9505     0.7560    0.9327   -0.2277
415       1       3105.    1.1263    1.4427    -4.7828     0.5905    0.7491    0.7218
416       1       2083.    0.8781    1.1809    -4.0753     0.3232    0.5291    1.6572
417       1       1982.    1.4061    2.0407    -4.5783     0.4787    0.6171    0.2263
418       1       2193.    1.6264    2.1309    -4.5653     0.6403    0.7559    0.1892
419       1       219.     0.7974    1.4727    -4.4874     0.1609    0.3959    1.2368
420       1       2112.    1.9154    2.3183    -4.6891    -0.2877    0.0868   -0.2411
421       1       2276.    1.7616    2.0760    -4.5417    -0.3118    0.0532   -0.0685
422       1       2496.    1.2423    1.5624    -6.4571     0.4783    0.7768   -0.3188
423       1       1625.    1.0021    1.2076    -3.9351     0.5255    0.6674    1.4361
424       1       1711.    0.6513    0.7747    -4.6209     0.5373    0.7205    1.2884
425       1       2897.    1.2580    1.4477    -5.1007    -0.4350   -0.1249    0.4683
426       1       2428.    1.1263    2.1612    -4.8494     0.4148    0.5738    0.3122
427       1       110.     2.4862    2.6335    -5.5089     0.2881    0.5811   -0.3206
428       1       2551.    1.4491    1.8020    -6.0283     0.6540    0.6540   -0.2403
429       1       451.     0.4874    1.1809    -4.6726    -0.0170    0.2221    1.2285
430       1       1425.    0.5305    1.0184    -4.9527    -0.1066    0.2107    0.9650
431       1       2508.    1.3972    1.4651    -5.2750     0.6626    0.9979   -0.2848
432       1       3080.    1.4746    1.6867    -5.0466     0.2386    0.6638   -0.0101
433       1       1533.    1.9313    1.9990    -4.9492     0.2832    0.4433    0.6018
434       1       717.     1.0392    1.5704    -6.2642    -0.1344    0.0097   -0.4202
435       1       2528.    0.9600    1.7918    -6.1040    -0.1733    0.2030   -0.2950
436       1       1159.    0.2041    1.2610    -5.6087     0.4423    0.6254    0.5436
437       1       1922.    0.2686    1.2093    -5.6386     0.1929    0.4012    0.4736
438       1       1609.    0.1679    1.1028    -4.3278     0.3083    0.4899    1.7655
439       1       2611.    0.0366    1.0868    -4.5592     0.4374    0.6722    1.5091
440       1       2110.    0.8744    1.2730    -4.3938     0.5569    0.7074    0.6624
441       1       2053.   -0.0477    1.1864    -5.7215     0.2697    0.4866    0.5765
442       1       2202.    0.9585    1.2311    -6.1605    -0.6221   -0.3071   -0.2366
443       1       2913.    1.2876    1.3601    -5.2145     0.1457    0.3393    0.7160
444       1       2138.    1.0780    1.8879    -4.3930     0.2733    0.5292    0.8453
445       1       3067.    0.9168    1.8259    -4.0878     0.3432    0.5434    1.2712
446       1       2436.    1.3905    1.5222    -4.7102     0.4644    0.6767    0.7836
447       1       2770.    1.4294    2.2579    -4.2145     0.4248    0.5611   -0.1707
448       1       2797.    0.4294    0.9461    -4.6876     0.3431    0.5615    0.9178
449       1       3131.    0.9764    1.6844    -5.1972    -0.4937   -0.1913    0.1670
450       1       1458.    1.7351    1.9124    -5.6889    -0.1763    0.0695   -0.2403
451       1       2329.    0.8669    1.3453    -3.4185     0.5350    0.6841    1.6063
452       1       1318.    1.6870    2.2692    -5.9385     0.1931    0.3331   -0.0721
453       1       1646.    1.9912    2.1107    -5.7291     0.0718    0.3435   -0.0325
454       1       1546.    1.1242    1.3351    -5.5518     0.7792    1.0545    0.2989
455       1       2958.    1.4560    1.5670    -4.8052     0.1482    0.3582    0.5741
456       1       2156.    1.9639    2.1887    -3.7699     0.5140    0.6322    1.2193
457       1       1830.    2.1117    2.1905    -4.9739     0.4371    0.6033   -0.1772
458       1       867.     0.1717    0.4173    -5.3765     0.4740    0.7064    0.3722
459       1       2728.    0.1526    0.3073    -5.0474     0.6676    0.9136    0.4098
460       1       999.    -0.1146    0.8232    -4.9461     0.3388    0.5652    1.0625
461       1       2431.   -0.0799    0.4434    -4.7342     0.2677    0.4510    1.5562
462       1       2151.    0.0103    1.2833    -4.1766     0.5386    0.7764    2.0214
463       1       2815.    2.0213    2.1197    -4.7596    -0.5263   -0.2338   -0.0155
464       1       1989.    2.1354    2.4353    -4.1366     0.1535    0.3835    0.4360
465       1       2287.    2.3919    2.6646    -4.4196     0.3202    0.4689    0.2813
466       1       211.     2.3093    2.4665    -5.8187    -0.0046    0.2792   -0.4963
467       1       3115.    0.6055    1.6562    -4.5865     0.5252    0.7115    1.0451
468       1       2148.    1.6689    1.7880    -5.7518     0.1734    0.4243    0.1464
469       1       2537.    0.4783    0.6812    -4.7060     0.0821    0.3569    1.4078
470       1       1196.    2.0144    2.2120    -5.6799     0.4559    0.6159   -0.2565
471       1       540.     1.2533    1.5051    -6.4802    -0.3636   -0.0212   -0.1198
472       1       1734.    0.6387    1.6695    -5.8713    -0.0550    0.2540    0.2299
473       1       204.     1.3072    1.7970    -5.6784     0.8855    0.9880   -0.1713
474       1       685.     1.1953    1.8604    -5.9194    -0.7381   -0.4086   -0.0195
475       1       2901.    0.9993    1.4536    -6.1060    -1.0256   -0.5772   -0.2299
476       1       692.     0.7604    1.7961    -5.3627    -0.0901    0.1016    0.1173
477       1       2325.    1.2161    1.3527    -6.2916     0.5370    1.1398   -0.1284
478       1       3136.    0.6841    1.2912    -6.3606     0.4513    0.8248   -0.4547
479       1       2711.    1.9423    2.0964    -5.2660    -0.4677   -0.0765   -0.0429
480       1       3110.    0.6927    1.0076    -4.4137     0.7933    0.8990    0.5586
481       1       2831.    1.8199    2.1765    -3.1792     0.1366    0.5839    1.6378
482       1       2856.    1.7521    2.0787    -3.6028     0.8663    0.8663    1.2703
483       1       107.     1.8364    2.3193    -6.6055    -0.2765    0.0172   -0.5243
484       1       114.     1.4718    2.5812    -5.6815    -0.2759    0.0116   -0.1415
485       1       3057.    1.1263    1.5426    -3.1070     0.4103    0.7222    1.5101
486       1       1886.    0.5621    2.4405    -4.0034     0.6783    0.8022    1.1240
487       2       229.    -0.5918   -0.3487    -6.8664     0.5400    0.6848   -0.1713
488       2       2265.   -0.5918   -0.3410    -6.8150     0.5906    0.6731    0.0457
489       2       575.    -0.5686   -0.3840    -6.3727     0.5658    0.6629    0.4393
490       2       2163.   -0.6402   -0.4078    -6.3549     0.5564    0.6920   -0.0590
491       2       1461.   -0.5214   -0.3363    -6.4221     0.5977    0.8041   -0.2034
492       2       2800.   -0.4949   -0.3487    -6.3582     0.5993    0.7454   -0.1549
493       2       906.    -0.6517   -0.4001    -6.2352     0.7058    0.8755    0.3804
494       2       2918.   -0.5918   -0.3487    -6.2135     0.7032    0.8220    0.3353
495       2       1211.   -0.5591   -0.1175    -6.6825     0.4232    0.5151    0.2266
496       2       2973.   -0.5834   -0.1959    -6.6446     0.3837    0.5171    0.1284
497       2       1076.   -1.2596   -0.7932    -5.9517     0.7142    0.8848    0.4325
498       2       1665.   -1.1938   -0.7167    -5.9546     0.7156    0.8973    0.2999
499       2       1129.   -0.2907   -0.0177    -6.8406     0.3516    0.5195   -0.2233
500       2       2352.   -0.1938   -0.0177    -6.8444     0.3091    0.4972   -0.2013
501       2       2879.   -1.0969   -0.7545    -7.2878     0.5354    0.5354   -0.1945
502       2       2964.   -1.0969   -0.6990    -7.2269     0.5431    0.6068   -0.0232
503       2       2834.   -0.7959   -0.1675    -5.5245     0.7011    0.8558    0.8028
504       2       2952.   -0.7352   -0.1675    -5.6111     0.7062    0.9065    0.5688
505       2       2273.   -1.0177   -0.6498    -5.5473     0.6335    0.7939    0.9769
506       2       3173.   -1.0555   -0.6819    -5.5310     0.5502    0.7288    0.8014
507       2       2312.   -0.9508   -0.5654    -6.2410     0.7367    0.9958    0.1775
508       2       2487.   -0.8928   -0.4737    -6.2297     0.7208    1.0406    0.1611
509       2       1635.   -0.4949   -0.2907    -6.7702     0.5770    0.6667    0.0660
510       2       2701.   -0.4949   -0.1965    -6.7708     0.6607    0.6607   -0.1669
511       2       2201.   -0.8894   -0.4202    -6.5061     0.5167    0.6972    0.1007
512       2       2512.   -0.9508   -0.4449    -6.4970     0.4141    0.6537    0.3306
513       2       2049.   -0.8928   -0.8928    -6.4311     0.6167    0.7650    0.0927
514       2       2504.   -0.8928   -0.8928    -6.3752     0.6460    0.6460    0.1433
515       2       547.    -0.5918   -0.2907    -6.2587     0.6673    0.7653    0.4301
516       2       2523.   -0.5058   -0.1675    -6.0130     0.6085    0.8414    0.1377
517       2       3121.   -0.5171   -0.1013    -6.0497     0.6927    0.9245   -0.0443
518       2       1308.   -1.2366   -0.6676    -7.0253     0.4906    0.5631    0.2044
519       2       2372.   -1.1427   -0.5918    -6.9862     0.4903    0.4903   -0.3134
520       2       218.    -0.2240    0.0693    -6.2854     0.4243    0.5446   -0.0615
521       2       2365.   -0.2396    0.1864    -6.3138     0.4679    0.6232   -0.0026
522       2       2748.   -0.7167   -0.4157    -7.1333     0.4169    0.5586    0.0228
523       2       2821.   -0.8182   -0.4067    -7.0231     0.3908    0.5454    0.1133
524       2       2357.   -0.6345   -0.3726    -6.4585     0.4650    0.6313    0.3047
525       2       2614.   -1.0555   -0.5287    -5.5431     0.5268    0.7702    0.7704
526       2       845.    -0.0477    0.3744    -5.8716     0.5061    0.7698   -0.1637
527       2       2810.    0.0430    0.3820    -5.9029     0.4920    0.6320   -0.0453
528       2       1073.   -0.7167   -0.2907    -6.5388     0.3635    0.5189    0.3253
529       2       2360.   -0.6990   -0.2457    -6.6972     0.3377    0.4867    0.0682
530       2       2828.   -0.6198   -0.2358    -6.4454     0.5972    0.8111   -0.0696
531       2       2155.   -0.3788   -0.1500    -6.0389     0.7029    0.9558    0.1332
532       2       2115.   -0.5513   -0.2941    -6.6931     0.3166    0.5623    0.0410
533       2       2502.   -0.6990   -0.2907    -6.1870     0.7843    0.9061    0.1581
534       2       3038.   -0.5528   -0.3335    -6.0998     0.8183    0.9123    0.1303
535       2       2690.   -0.8928   -0.6990    -6.5071     0.8075    1.0200    0.0191
536       2       3118.   -0.8665   -0.6345    -6.5689     0.7240    0.8872    0.0734
537       2       2332.   -1.6198   -1.2840    -7.0304     0.5439    0.6977   -0.3335
538       2       3037.   -1.7447   -1.3188    -6.8964     0.5626    0.6823   -0.1325
539       2       1112.   -0.6253   -0.3546    -5.8129     0.4848    0.6512    0.1575
540       2       2320.   -0.6055   -0.2161    -5.7472     0.3961    0.5848    0.9004
541       2       207.    -1.3768   -1.0706    -6.3929     0.6659    0.8373    0.0107
542       2       2326.   -1.4949   -1.0555    -6.3135     0.6407    0.7098   -0.2168
543       2       2454.   -0.1993    0.1332    -5.9542     0.1520    0.3001   -0.0472
544       2       2632.   -0.3188    0.1593    -6.0925     0.1778    0.3576    0.2887
545       2       1359.   -0.9706   -0.5884    -6.1830     0.5404    0.7820    0.0955
546       2       2975.   -1.1427   -0.6198    -6.2436     0.6019    0.7778    0.0013
547       2       486.    -0.8928   -0.4949    -7.0514     0.4431    0.6719    0.0366
548       2       2892.   -0.9830   -0.5406    -6.9896     0.3680    0.5354    0.2041
549       2       2679.   -0.7167   -0.5918    -4.7946     0.8596    1.1332    1.0941
550       2       2715.   -0.7167   -0.4157    -4.8480     0.9237    1.1525    0.9495
551       2       1953.   -0.4157    0.4496    -6.1224     0.3641    0.6519    0.2632
552       2       2268.   -0.3809    0.2909    -6.2053     0.3769    0.5818    0.3709
553       2       1694.   -0.7773   -0.4112    -6.1935     0.6737    1.0214    0.2679
554       2       568.    -1.2366   -0.9245    -6.0569     0.8039    1.0431    0.1553
555       2       3027.   -1.3768   -0.9208    -6.0436     0.9369    1.0986    0.0249
556       2       2449.   -1.0177   -0.6819    -6.5031     0.6607    0.9872   -0.2284
557       2       2395.   -1.1938   -0.8928    -7.2052     0.5207    0.5403   -0.1701
558       2       836.    -0.5918   -0.4949    -7.0663     0.4559    0.5299   -0.2411
559       2       2117.   -0.4157   -0.1938    -6.2394     0.9015    0.9015   -0.0329
560       2       2448.   -0.3565   -0.1146    -6.1154     0.9865    1.0208   -0.1221
561       2       2977.   -0.5918   -0.2396    -6.2810     0.4778    0.7185    0.2646
562       2       2846.   -1.3979   -1.1938    -6.8899     0.4602    0.6386   -0.0110
563       2       3073.   -1.5528   -1.2518    -7.0101     0.4302    0.5627   -0.1752
564       2       297.    -0.4949   -0.0177    -5.9702     0.5082    0.6692    1.3404
565       2       1760.   -0.4949   -0.2396    -5.9238     0.5152    0.6880    0.5664
566       2       1566.   -1.5086   -1.1308    -6.5428     0.5751    0.7031   -0.2984
567       2       3137.   -1.3979   -1.1938    -6.5205     0.7574    0.7574   -0.3089
568       2       1289.   -0.5800   -0.1669    -6.4892     0.2804    0.5062    0.1575
569       2       2795.   -0.9508   -0.6345    -6.0927     0.9494    1.2175    0.2824
570       2       2910.   -0.8928   -0.4949    -6.0088     1.0453    1.3373    0.0481
571       2       1659.   -0.7167   -0.1146    -6.3929     0.5431    0.9042   -0.1278
572       2       1968.    0.5918   -0.1524    -6.5830     0.5553    0.9338   -0.0585
573       2       2514.   -0.9508   -0.6990    -5.4729     0.4553    0.6307    1.2589
574       2       1518.   -0.4157    0.0366    -5.8790     0.5935    0.9106    0.5022
575       2       2205.   -0.2396    0.0615    -5.9017     0.7360    0.8420   -0.0670
576       2       2788.   -0.3188   -0.0595    -6.1316     0.6400    0.8078    0.1048
577       2       2146.   -1.0506   -0.6055    -6.4305     0.8168    1.0794    0.0481
578       2       2167.   -0.8928   -0.8928    -6.1718     0.5883    0.7286    0.2975
579       2       2434.   -0.7167   -0.4949    -6.8502     0.0703    0.6321   -0.2573
580       2       2529.   -0.7167   -0.5918    -6.7860    -0.1271    0.5372   -0.1612
581       2       2103.   -0.5918    0.0103    -6.2652     0.5740    0.8253    0.0931
582       2       2353.   -0.3893    0.0035    -6.3897     0.6183    0.7595    0.1156
583       2       2291.   -1.1938   -1.1938    -6.7900     0.7330    0.8403   -0.5560
584       2       2814.   -1.1938   -1.1938    -6.6972     0.5315    0.7219   -0.1146
585       2       2377.   -0.5784   -0.3045    -5.5907     0.7480    0.9512    0.4678
586       2       138.    -0.6615   -0.5017    -6.8658     0.3808    0.5197   -0.1415
587       2       1051.   -0.8928   -0.4949    -7.1202     0.1395    0.3713   -0.2321
588       2       1096.   -0.7167   -0.4949    -7.2833     0.2165    0.3374   -0.0482
589       2       1736.   -0.8928   -0.8928    -7.0910     0.3561    0.5201    0.1059
590       2       2485.   -0.8928   -0.7545    -7.2773     0.2824    0.4331   -0.0635
591       2       551.    -0.9393   -0.6021    -5.9937     0.5884    0.7373    0.5645
592       2       2583.   -0.8928   -0.5918    -5.7442     0.5684    0.6884    0.6556
593       2       2099.    0.1072    0.4082    -6.0788     0.6082    0.6717   -0.0799
594       2       603.    -0.0799    0.1679    -6.0493     0.3796    0.5087    0.5429
595       2       936.    -0.0419    0.1578    -5.8337     0.4104    0.6491    0.5808
596       2       2317.   -0.3487   -0.0477    -6.1020     0.0892    0.2789    0.7605
597       2       2801.   -1.1938   -0.5918    -7.4338     0.4499    0.4499   -0.8447
598       2       2823.   -1.1938   -0.7545    -7.5291     0.2675    0.4302   -0.3206
599       2       2125.   -0.9031   -0.6517    -5.3413     0.6132    0.7825    0.9701
600       2       2597.   -0.8665   -0.5918    -6.9709     0.6857    0.8100   -0.0540
601       2       2693.   -0.7852   -0.7258    -7.0292     0.4969    0.8875   -0.2351
602       2       2978.   -1.0555   -0.4437    -6.3063     0.3969    0.5995    0.5832
603       2       1154.   -0.9830   -0.7144    -5.9200     0.8249    0.9035    0.2130
604       2       3078.   -0.9508   -0.6498    -5.7782     0.7679    1.1076    0.2125
605       2       2206.   -0.6925   -0.2204    -6.5007     0.7668    0.9461    0.1436
606       2       2126.   -0.7825   -0.3969    -6.4090     0.6085    0.8168    0.3651
607       2       830.    -1.2218   -0.8827    -6.1847     0.6697    0.8776    0.3458
608       2       788.    -1.0410   -0.5186    -6.8447    -0.0372    0.1788    0.1351
609       2       2966.   -0.8665   -0.5058    -6.7316     0.0879    0.3092   -0.1113
610       2       729.    -1.2007   -0.7375    -6.2415     0.8144    1.0723   -0.2168
611       2       2599.   -1.1938   -0.7545    -6.0804     0.8808    1.2855   -0.1079
612       2       491.    -1.4089   -1.0000    -5.9276     0.7698    0.9086   -0.4134
613       2       909.    -0.4949   -0.0799    -6.6415     0.2198    0.8307   -0.3925
614       2       2849.   -0.3595    0.1007    -6.5698     0.1655    0.9711   -0.1911
615       2       2220.   -0.9101   -0.0218    -6.4505     0.4540    0.5846    0.1559
616       2       2987.   -0.8928   -0.1938    -6.3843     0.3852    0.3852   -0.1325
617       2       1463.   -0.8928   -0.7167    -6.9045    -0.1898    0.1141    0.2827
618       2       2384.   -0.8928   -0.7167    -6.9312     0.0573    0.2455   -0.2636
619       2       254.    -0.7167   -0.4157    -5.8912     0.7550    1.0000    0.1202
620       2       3094.   -0.4949   -0.3645    -5.9743     0.8808    1.0786    0.0719
621       2       1404.   -0.1524    0.1486    -6.7984     0.5908    0.7348   -0.2495
622       2       3114.   -0.2907   -0.0477    -6.9495     0.5911    0.7108   -0.1656
623       2       2145.   -0.7167   -0.1146    -6.7227     0.5415    0.6698   -0.1599
624       2       2327.   -0.0177    0.3972    -6.3794     0.2096    0.6851   -0.3915
625       2       2851.    0.0103    0.3744    -6.5183     0.4368    0.5867   -0.2132
626       2       1223.   -0.4672   -0.0114    -6.7469    -0.2569    0.1951   -0.0991
627       2       1481.   -0.4157    0.1486    -6.7345    -0.0751    0.3421   -0.0768
628       2       185.    -1.2518   -0.8794    -7.2926     0.2977    0.6003   -0.1373
629       2       799.    -1.2840   -0.7620    -7.1986     0.1539    0.3916   -0.0031
630       2       2068.   -1.0362   -0.2284    -6.1285     0.4078    0.5858    0.8971
631       2       2995.   -0.9830   -0.1524    -6.2783     0.6046    0.7216    0.3172
632       2       3066.   -1.0555   -0.7545    -6.4910     0.7033    0.7341    0.0955
633       2       2860.    0.0334    0.1652    -5.8865     0.6562    0.7610    0.1872
634       2       1453.   -0.7167   -0.7167    -5.9263     0.6554    0.8243    0.8637
635       2       1588.   -0.7167   -0.4157    -6.0858     0.5691    0.7011    0.1565
636       2       537.     0.0849    0.6323    -5.6863     0.6734    0.8895    0.1629
637       2       2623.    0.2533    0.5305    -5.8758     0.6030    0.7426    0.3402
638       2       3043.   -1.2518   -0.9830    -7.4310     0.0924    0.4484   -0.2967
639       2       2040.   -0.3307    0.0461    -6.0468     0.4395    0.4395   -0.0209
640       2       2043.   -0.7167   -0.2907    -6.9967     0.1749    0.3462   -0.1255
641       2       1088.   -0.8928   -0.7167    -5.5156     0.7792    0.9687    0.7291
642       2       2933.   -0.7167   -0.4949    -5.4280     0.6897    0.8444    0.8281
643       2       480.    -1.7212   -1.1739    -5.9386     0.6129    0.8528    0.2889
644       2       677.    -1.5229   -1.2596    -5.7922     0.8062    0.9356    0.2725
645       2       2132.   -1.5850   -1.0458    -7.2573     0.4332    0.5611   -0.0595
646       2       2873.   -1.3565   -1.0757    -7.3719     0.6399    0.6610   -0.1952
647       2       1097.   -1.0605   -0.1002    -6.7934     0.3317    0.4517    0.0141
648       2       1662.   -1.1549   -0.3778    -6.8539     0.1505    0.4222   -0.2020
649       2       512.    -1.4437   -0.7375    -6.3695     0.7831    0.7831    0.0394
650       2       2161.   -1.3979   -0.7520    -6.6960     0.7715    0.9085   -0.1141
651       2       1741.   -1.1612   -0.2381    -6.5218     0.5904    0.6796    0.0715
652       2       1680.   -0.8928   -0.8928    -7.0232     0.8114    0.8114   -0.3830
653       2       809.    -0.5918    0.1072    -6.2765     0.3419    0.5580    0.4965
654       2       1102.   -1.1024   -0.7282    -6.5146     0.3920    0.5459    0.2127
655       2       2649.   -0.8928   -0.5918    -6.7509     0.3050    0.4726    0.1319
656       2       2564.   -0.8928   -0.5918    -6.0635     0.2812    0.7913    0.0596
657       2       2536.   -0.8928   -0.8928    -6.6152     0.1397    0.4076   -0.4202
658       2       1636.   -0.1146    0.3113    -6.2752     0.1966    0.3508    0.1345
659       2       878.    -0.5918   -0.4157    -6.3058     0.9757    1.1010    0.0394
660       2       444.    -0.8928   -0.5918    -5.8230     0.1136    0.3516    1.2200
661       2       2896.   -0.8416   -0.3410    -6.1096     0.0216    0.2514    0.8886
662       2       1851.   -0.8928    0.0615    -5.9284     0.4842    0.5692    0.2507
663       2       2330.   -1.0555   -0.0947    -5.7434     0.6255    0.8257    0.6907
664       2       2003.   -0.8996   -0.2823    -6.6163     0.7793    1.1199    0.1452
665       2       2288.   -0.5918   -0.3487    -6.8479     0.7384    0.9892   -0.0996
666       2       2585.   -0.3487   -0.0799    -7.0605    -0.0720    0.1477   -0.2269
667       2       1553.   -0.2907   -0.0177    -4.9619     0.6131    0.8287    1.0318
668       2       3113.   -0.3335   -0.0106    -5.3873     0.6634    0.8015    0.4935
669       2       1719.   -0.6536    0.0199    -5.7240     0.9134    1.1604    0.4468
670       2       2142.    0.0535    0.3145    -6.2912     0.6980    0.7763    0.0257
671       2       2217.   -0.4935   -0.1831    -5.3350     0.9163    1.1531    0.4793
672       2       432.    -1.8539   -1.4685    -6.1493     0.6909    0.8728    0.1258
673       2       298.    -0.9547   -0.3420    -5.2019     0.4935    0.6864    1.3433
674       2       289.    -1.5229   -1.1739    -7.0138     0.8558    0.9146   -0.2924
675       2       3051.   -1.2676   -0.8665    -6.4069     1.1308    1.1308   -0.4365
676       2       3087.   -0.4949    0.0615    -5.1309     0.2508    0.4974    1.1543
677       2       1128.   -0.8013   -0.5302    -7.5750     0.3815    0.5004   -0.4634
678       2       2755.   -1.2518   -0.8416    -7.2216     0.7863    1.1329   -0.1096
679       2       856.    -0.8928   -0.0477    -7.1299    -0.1034    0.1044   -0.1152
680       2       2615.   -1.9208   -1.5528    -6.7573     0.5436    0.7346   -0.2976
681       2       474.    -1.1427   -0.8182    -5.2778     0.9272    1.0688    0.7621
682       2       3152.   -0.8928    0.2536    -4.9111     0.5634    0.7813    1.1407
683       2       2988.   -0.5918    0.6695    -5.4490     0.4921    0.7043    0.7892
684       2       2095.   -1.6198   -0.6655    -5.7746     0.9251    1.3648   -0.4271
685       2       2513.   -0.3487    0.1486    -5.8630    -0.0945    0.0512   -0.1079
686       2       1791.   -0.5436    0.0917    -7.1002    -0.6257   -0.4476    0.1559
687       2       2463.   -1.1938   -1.1938    -6.8000     0.0194    0.2029   -0.2306
688       2       2159.   -1.5850   -1.2924    -7.7986     0.3512    0.7130   -0.3556
689       2       2464.   -1.5528   -1.3188    -7.5314    -0.2882   -0.1206   -0.0605
690       3       2349.    0.2294    0.6055    -6.3683    -0.0006    0.2405   -0.3788
691       3       3167.    0.2686    0.5879    -6.3054    -0.0334    0.1919   -0.4750
692       3       2423.    0.6635    1.0615    -6.0619     0.0237    0.2491   -0.2848
693       3       2750.    0.6695    1.0467    -6.1062     0.1082    0.2836   -0.2612
694       3       2986.    0.1909    0.6055    -6.1689     0.1633    0.3336   -0.2000
695       3       3068.    0.2686    0.6124    -6.1308     0.1014    0.3106   -0.1290
696       3       914.     0.3377    0.8232    -5.7033     0.0652    0.3531    0.4036
697       3       1190.    0.2533    0.8554    -5.6774     0.0192    0.3208    0.5302
698       3       2347.    0.6055    1.0849    -5.9937     0.0891    0.2466   -0.2652
699       3       1382.    0.5051    0.8925    -6.1013     0.1270    0.3545   -0.2924
700       3       2848.    0.3860    0.8593    -6.0835     0.0983    0.3565   -0.3316
701       3       752.     0.2533    0.7356    -6.1403     0.0903    0.3365   -0.0830
702       3       2035.    0.2212    0.7038    -6.2560     0.0569    0.3116    0.0755
703       3       2254.    0.2833    0.7356    -5.8732     0.3191    0.5284    0.2143
704       3       2368.    0.2589    0.6165    -5.9283     0.3287    0.5222   -0.3206
705       3       1416.    0.1864    0.5386    -6.3762    -0.1054    0.1623    0.1770
706       3       2830.    0.1679    0.5138    -6.3556    -0.0532    0.2907   -0.1427
707       3       1693.    0.6635    1.0210    -6.2218    -0.1165    0.2911   -0.1555
708       3       2990.    0.6841    1.0505    -6.3208    -0.2146    0.3298   -0.3449
709       3       2105.    0.2212    0.5305    -6.1192     0.0137    0.3313   -0.0004
710       3       1114.    0.4496    0.6812    -5.8400    -0.0735    0.1582    0.4040
711       3       2458.    0.3440    0.6969    -5.8105    -0.1314    0.2514    0.4283
712       3       2951.    0.3627    0.6870    -5.8520     0.2514    0.4509    0.1514
713       3       493.     0.1679    0.6870    -6.1694    -0.0347    0.2518    0.0398
714       3       974.     0.2375    0.5051    -5.9555     0.2663    0.4318   -0.4724
715       3       2401.    0.1679    0.5051    -6.0309     0.2499    0.5669   -0.1733
716       3       1439.    0.3377    0.9201    -5.9743    -0.2991    0.0115   -0.2725
717       3       2453.    0.4594    1.0048    -5.9355    -0.2250    0.0323    0.1850
718       3       2381.    0.2114    0.6124    -6.3051    -0.1692   -0.0314   -0.2725
719       3       2460.    0.2201    0.6387    -6.2503    -0.1530    0.1300    0.0187
720       3       2393.    0.2533    0.7105    -5.3002    -0.2671    0.0825    0.6245
721       3       2760.    0.2533    0.6695    -5.4652    -0.2140    0.0817   -0.0630
722       3       1204.    0.0103    0.5696    -6.3096     0.1947    0.3598    0.5190
723       3       1701.    0.0366    0.5305    -6.2716     0.0211    0.3924    0.2079
724       3       2944.    0.4594    0.7147    -5.5280     0.4398    0.6418    0.1471
725       3       3144.    0.5386    0.8232    -5.6375     0.4114    0.5783   -0.4401
726       3       1443.    0.0615    0.3972    -5.7462     0.2801    0.4433    0.6524
727       3       3146.    0.1216    0.2929    -5.6083     0.3228    0.4516   -0.0696
728       3       2880.    0.2655    0.7864    -5.7498     0.1787    0.4262    0.4619
729       3       680.     0.4594    1.0392    -6.0947    -0.1609    0.1004   -0.0894
730       3       1306.    0.4874    0.8631    -6.1101    -0.1688    0.1643   -0.2660
731       3       228.     0.7407    1.0917    -6.3177    -0.1620    0.1546    0.0228
732       3       2207.    0.2375    0.5051    -6.5072    -0.1209    0.1931   -0.3116
733       3       1346.    0.3377    0.6574    -6.0631     0.3566    0.4726    0.1529
734       3       755.     0.2975    0.8105    -6.1341     0.2095    0.4368   -0.0311
735       3       414.     0.7253    1.1918    -6.2253    -0.0181    0.3451    0.0056
736       3       1125.    0.7457    1.2580    -6.1421     0.0036    0.1590   -0.3261
737       3       3139.    0.4082    0.7839    -6.2233    -0.0611    0.1344   -0.2418
738       3       3166.    0.3247    0.7407    -6.0301    -0.0644    0.1868   -0.1952
739       3       1120.    0.5386    0.9585    -6.3979     0.1400    0.2762   -0.5272
740       3       2230.    0.6870    0.8669    -6.4318     0.1229    0.4137   -0.4255
741       3       2133.    0.3247    0.5915    -6.2676     0.1561    0.4090   -0.0190
742       3       3096.    0.4190    0.8436    -5.5572     0.1481    0.3770    0.3579
743       3       516.     0.5465    1.1028    -5.9393    -0.3487   -0.0251   -0.1107
744       3       753.     0.5986    1.2610    -6.1024     0.1061    0.3608   -0.2503
745       3       2056.    0.0849    0.2533    -5.9393     0.0173    0.1705   -0.1643
746       3       2677.   -0.0477    0.3377    -5.7874     0.0426    0.2769   -0.2069
747       3       105.     0.2533    0.7147    -5.2783    -0.0285    0.1912    1.0740
748       3       1664.    0.1486    0.5465    -5.3803     0.0740    0.2368    0.9387
749       3       942.     0.4190    0.6983    -6.0761     0.7231    1.0675   -0.5406
750       3       2114.    0.4294    0.8554    -6.1328     0.7026    0.8769   -0.1068
751       3       1679.    0.1486    0.6574    -5.7866    -0.0903    0.2494   -0.3215
752       3       526.     0.3972    0.8190    -6.2172    -0.6018   -0.0497   -0.3063
753       3       1221.    0.3377    0.7839    -6.1854    -0.3539    0.0000    0.0013
754       3       179.     0.5051    0.8593    -5.9532    -0.0251    0.2584    0.6754
755       3       1747.    0.3844    0.4678    -6.2198     0.8011    1.3846   -0.0292
756       3       3160.    0.3860    0.4874    -6.1851     0.8869    1.1175   -0.0605
757       3       2861.   -0.0975    0.2038    -5.7512     0.1990    0.4250    0.2044
758       3       108.     0.1072    0.4964    -5.8195     0.1398    0.3320   -0.3575
759       3       1492.    0.2212    0.6124    -5.9938    -0.6067   -0.1844   -0.2749
760       3       2945.   -0.0477    0.5305    -6.0273    -0.5113   -0.1589    0.1297
761       3       1167.    0.8781    1.3905    -6.3983     0.1232    0.3730   -0.3904
762       3       2442.    1.1006    1.3744    -6.4657    -0.0107    0.2393   -0.3197
763       3       465.     0.6870    1.1406    -6.4148     0.2003    0.5833   -0.5100
764       3       2515.    0.4545    1.0223    -6.3218     0.2978    0.5063   -0.0650
765       3       2424.    0.2662    0.3927    -5.8083    -0.0516    0.2011   -0.3625
766       3       501.     0.6983    1.5280    -6.1878     0.0981    0.3814    0.0410
767       3       2719.    0.8961    1.5426    -6.1974     0.2856    0.5261    0.0945
768       3       401.     0.4594    0.7038    -6.6996     0.1914    0.3770   -0.4776
769       3       690.     0.3247    0.5051    -6.6613     0.0393    0.2583   -0.3872
770       3       3088.    0.2975    0.7147    -5.9120    -0.2309   -0.0115   -0.2716
771       3       555.     0.2833    0.6191    -6.1998     0.5522    0.8477    0.1159
772       3       2152.    0.3502    0.6450    -6.4355    -0.8556   -0.5409   -0.1302
773       3       2980.    0.0660    0.4600    -6.4613    -0.7451   -0.4366   -0.1681
774       3       373.    -0.1146    0.1864    -6.5587     1.1515    1.2658   -0.1911
775       3       2633.   -0.1726    0.1486    -6.5662     0.7819    1.2403   -0.1500
776       3       2850.   -0.0477    0.3502    -6.5839    -0.2936   -0.0346   -0.2976
777       3       3028.    0.1901    0.6320    -6.5355    -0.3882   -0.0307    0.0120
778       3       1298.    0.2212    0.5915    -6.9634    -0.0032    0.2195   -0.4921
779       3       2129.    0.9764    1.0940    -6.1878     0.0335    0.4707   -0.2534
780       3       1435.   -0.1524    0.0849    -6.6875     0.8962    0.8962   -0.4389
781       3       2776.    0.1864    0.2907    -6.6753     0.8122    0.8122   -0.2692
782       3       1153.    0.4082    0.9554    -6.4145    -0.1157    0.1620   -0.4698
783       3       2917.    0.5986    1.0745    -6.2782    -0.3451   -0.1506   -0.2865
784       3       2641.    0.0615    0.3625    -5.5390    -0.1501    0.1257   -0.3747
785       3       2382.   -0.0799    0.2833    -5.7739    -0.6400   -0.2743   -0.4365
786       3       2844.    0.2742    0.4396    -6.8771     0.3208    0.6089   -0.1379
787       3       2358.   -0.0177    0.1072    -6.9794     1.0799    1.1249   -0.3363
788       3       1634.   -0.1146    0.1486    -5.4019     0.9441    1.1484    0.2560
789       3       2283.    0.2833    0.3502    -5.6753     1.0633    1.0633   -0.1427
790       3       1974.    0.6055    0.8593    -5.1238    -0.4535   -0.1753    0.7475
791       3       2680.    0.4060    0.7305    -5.5890    -0.5193   -0.3685   -0.0429
792       3       3127.    0.7885    1.1169    -5.7256    -0.6750   -0.2804   -0.3206
793       3       734.    -0.3487    0.2533    -6.0541     0.9497    1.0450   -0.0487
794       3       1637.    0.1864    0.6754    -6.4457     0.9065    1.6658   -0.2457
795       3       1145.    0.2041    1.5077    -6.2709    -0.1678    0.1242    0.2460
796       3       834.    -0.1146    0.0366    -7.1151     0.3439    1.2148   -0.4449
797       4       2757.   -1.1938   -1.1938    -5.5355    -1.6394   -1.2214   -0.2291
