 Input file name: iris.dat
 No. of rows, n = 150
 No. of cols, m = 4
 Input data sample follows as a check, first 4 values.
 value = 5.1
 value = 3.5
 value = 4.9
 value = 3.0

 Matrix to be diagonalized

    0.21    0.04    0.13    0.12    0.16    0.09    0.15    0.09
    0.04    0.21    0.11    0.14    0.12    0.13    0.11    0.14
    0.13    0.11    0.20    0.04    0.13    0.11    0.13    0.11
    0.12    0.14    0.04    0.21    0.14    0.11    0.14    0.12
    0.16    0.12    0.13    0.14    0.23    0.03    0.17    0.10
    0.09    0.13    0.11    0.11    0.03    0.21    0.08    0.15
    0.15    0.11    0.13    0.14    0.17    0.08    0.22    0.04
    0.09    0.14    0.11    0.12    0.10    0.15    0.04    0.21

 Eigenvectors (leftmost col <--> largest eval, first always = 1):

      1.0000     -0.9512      0.6850      1.5301     -0.5258     -0.2030      0.2776      1.6976
      1.0000      0.9532     -0.6864     -1.5333      0.5268     -0.2030      0.2776      1.6976
      1.0000     -0.1086      1.9809     -0.9016      0.1535     -0.6903      1.3178     -0.8871
      1.0000      0.0910     -1.6604      0.7557     -0.1287     -0.6903      1.3178     -0.8871
      1.0000     -1.0278     -0.3474     -0.7928     -0.9004     -0.7950     -1.4736     -0.4432
      1.0000      1.5714      0.5311      1.2121      1.3766     -0.7950     -1.4736     -0.4432
      1.0000     -1.0722     -0.2098     -0.0954      1.3888      1.6883     -0.1217     -0.3673
      1.0000      1.3695      0.2680      0.1218     -1.7740      1.6883     -0.1217     -0.3673


 E-vals. (first always = 1) and as cumul. perc. (first excl.):
         1.0000         0.2843         0.1732         0.1288         0.1070         0.0000        -0.0000        -0.0000

         0.0000        41.0043        65.9849        84.5629       100.0000       100.0000       100.0000       100.0000


 Row projections in new factor space. Start, end columns: 2 5
        -0.2639        -0.7260        -0.4164         0.2217
        -0.7600        -0.0190         0.1837        -0.0133
        -0.7800         0.3451         0.0180         0.0149
        -0.7700         0.1630         0.1008         0.0008
        -0.7400        -0.3832         0.3494        -0.0415
         0.8271        -0.3220         0.2979        -0.0241
        -0.1296        -0.2637         0.4037        -0.8322
        -0.7400        -0.3832         0.3494        -0.0415
        -0.7500        -0.2011         0.2666        -0.0274
        -0.7700         0.1630         0.1008         0.0008
        -0.3738        -0.6469        -0.2397         0.1609
        -0.0902        -0.1635         0.8506         0.5277
        -0.7600        -0.0190         0.1837        -0.0133
        -0.7600        -0.0190         0.1837        -0.0133
        -0.5203        -0.5414        -0.0041         0.0800
         0.0860        -0.4563        -0.0123        -0.6378
         0.1959        -0.5354        -0.1890        -0.5771
         0.3465        -0.6066        -0.3621        -0.5691
         0.7580        -0.2350         0.4782        -0.1375
         0.3465        -0.6066        -0.3621        -0.5691
         0.2574        -0.4335         0.2472         0.7139
         0.3058        -0.6145        -0.3657        -0.5163
        -0.7400        -0.3832         0.3494        -0.0415
         0.8464         0.5012        -0.2968         0.1599
        -0.1459        -0.1823         0.8077         0.4790
        -0.1102         0.2006         0.6849         0.5560
         0.4795        -0.0520         0.9013        -0.2102
        -0.3006        -0.6996        -0.3575         0.2014
        -0.3006        -0.6996        -0.3575         0.2014
        -0.1302         0.5647         0.5192         0.5842
        -0.1202         0.3827         0.6020         0.5701
         0.1959        -0.5354        -0.1890        -0.5771
        -0.3006        -0.6996        -0.3575         0.2014
        -0.4104        -0.6205        -0.1808         0.1407
        -0.7700         0.1630         0.1008         0.0008
        -0.7800         0.3451         0.0180         0.0149
        -0.4104        -0.6205        -0.1808         0.1407
        -0.7400        -0.3832         0.3494        -0.0415
        -0.7600        -0.0190         0.1837        -0.0133
        -0.2639        -0.7260        -0.4164         0.2217
        -0.1296        -0.2637         0.4037        -0.8322
        -0.1795         0.6466        -0.0106        -0.7617
        -0.7800         0.3451         0.0180         0.0149
         0.3981        -0.0680         0.8941        -0.1048
         0.8999        -0.4137         0.0925         0.0041
        -0.1496         0.1004         0.2380        -0.8040
         0.3859        -0.5064         0.0848         0.7909
        -0.7800         0.3451         0.0180         0.0149
        -0.3372        -0.6733        -0.2986         0.1812
        -0.7899         0.5272        -0.0649         0.0290
        -0.0668         0.0592        -0.6761         0.1323
        -0.5465         0.4066         0.1147        -0.0456
        -0.1347        -0.1434        -0.6255         0.1384
        -0.0526         0.3986        -0.4195         0.1266
        -0.0490        -0.6707        -0.3340         0.1448
        -0.1688        -0.4903         0.0411        -0.0658
        -0.5977         0.5418        -0.0593         0.0089
        -0.1302         0.7038         0.2218        -0.0999
         0.0224        -0.4728        -0.4096         0.0535
         0.0351         0.3178        -0.5855         0.2563
        -0.1673         0.6913         0.1932        -0.1324
        -0.2877        -0.0705         0.0289         0.0762
        -0.1137         0.5544        -0.1141        -0.1328
        -0.4031        -0.2233         0.1616        -0.1125
         0.0249        -0.2781         0.0282         0.1149
        -0.0011        -0.1040        -0.5503         0.1670
        -0.2335        -0.1685        -0.1908         0.0881
        -0.0590         0.4954        -0.2462        -0.1086
        -0.4832         0.5360        -0.0859         0.0090
         0.0107         0.4472        -0.3390         0.0172
        -0.5412         0.2321        -0.2336         0.1649
        -0.2225        -0.3534         0.3483        -0.0654
        -0.5941         0.5372        -0.0843        -0.0763
        -0.3117        -0.3894         0.2517        -0.2320
        -0.3980        -0.1111         0.3992        -0.1608
         0.0088        -0.2861        -0.4674         0.1529
        -0.0455        -0.6753        -0.3590         0.0596
        -0.2246        -0.3476        -0.5642         0.2134
        -0.3701        -0.2450         0.1277        -0.0070
         0.0890         0.5067        -0.2192         0.0093
         0.0659         0.4271        -0.3836         0.0537
         0.1251         0.4414        -0.3657         0.0172
        -0.1032         0.4920        -0.2248         0.0294
        -0.5621         0.4376        -0.2933         0.0046
        -0.1603        -0.2212        -0.3086         0.1286
        -0.4008        -0.4351         0.2069         0.0316
        -0.0975        -0.1308        -0.5969         0.1709
        -0.4199         0.5845        -0.0055        -0.1004
        -0.0779        -0.1274        -0.1263         0.0477
        -0.0526         0.3986        -0.4195         0.1266
        -0.0862         0.3815        -0.4731         0.0088
        -0.3945        -0.0349         0.0930        -0.0821
        -0.1218         0.4857        -0.2391         0.0131
        -0.1302         0.7038         0.2218        -0.0999
        -0.1264         0.4125        -0.3892         0.0738
        -0.0924        -0.0994        -0.0781        -0.0415
        -0.1231        -0.2894         0.0012        -0.0029
        -0.3248        -0.1638         0.2814        -0.1204
         0.3609         0.3718        -0.5047         0.2648
        -0.0946        -0.4652         0.0983        -0.0007
         0.5069         0.8399         0.4317        -0.1722
         0.0402         0.4884        -0.3641        -0.6402
         0.9763        -0.0228        -0.0266         0.0284
        -0.0636        -0.0078         0.7089         0.5621
         0.9763        -0.0228        -0.0266         0.0284
         0.9763        -0.0228        -0.0266         0.0284
        -0.6379         0.5728         0.0246         0.0739
         0.3759        -0.3243         0.0019         0.8050
         0.3360         0.4039        -0.3295         0.8614
         0.9963        -0.3869         0.1391         0.0002
         0.3066         0.1217        -0.6936        -0.5126
         0.4703         0.8663         0.4906        -0.1924
         0.9763        -0.0228        -0.0266         0.0284
         0.0954         0.4683        -0.4087        -0.6037
         0.0901        -0.4219         0.0503        -0.7107
         0.4803         0.6842         0.5735        -0.2065
         0.3659        -0.1423        -0.0809         0.8191
         0.9963        -0.3869         0.1391         0.0002
         0.9464         0.5234        -0.2752         0.0707
        -0.5028         0.4518        -0.2754        -0.0319
         0.9564         0.3413        -0.1924         0.0566
         0.2005        -0.4621        -0.0389        -0.6377
         0.9963        -0.3869         0.1391         0.0002
        -0.7162         0.5133        -0.0952         0.0818
         0.9464         0.5234        -0.2752         0.0707
         0.3459         0.2219        -0.2467         0.8473
        -0.6111        -0.4171         0.2746         0.0478
        -0.6130        -0.0856         0.0356         0.0800
         0.5202        -0.0441         0.9049        -0.2630
         0.4473        -0.1263        -0.0737         0.7137
         0.9963        -0.3869         0.1391         0.0002
         0.9963        -0.3869         0.1391         0.0002
         0.5202        -0.0441         0.9049        -0.2630
        -0.5813        -0.3856         0.3014        -0.1794
         0.1325         0.6995         0.2741         0.4482
         0.9763        -0.0228        -0.0266         0.0284
         0.5568        -0.0704         0.8460        -0.2427
        -0.1202         0.3827         0.6020         0.5701
        -0.5578        -0.1057        -0.0090         0.1165
         0.9663         0.1593        -0.1095         0.0425
         0.9663         0.1593        -0.1095         0.0425
         0.3165        -0.0604        -0.6107        -0.5267
         0.0402         0.4884        -0.3641        -0.6402
         0.9564         0.3413        -0.1924         0.0566
         0.9464         0.5234        -0.2752         0.0707
         0.9763        -0.0228        -0.0266         0.0284
        -0.1243         0.6265        -0.0552        -0.7252
         0.9763        -0.0228        -0.0266         0.0284
         0.5934        -0.0968         0.7871        -0.2225
        -0.5769        -0.1509        -0.1109         0.0879


 Column projections in new factor space. Start, end columns: 2 5
        -0.5072         0.2851         0.5492        -0.1720
         0.5083        -0.2857        -0.5503         0.1724
        -0.0579         0.8244        -0.3236         0.0502
         0.0485        -0.6911         0.2712        -0.0421
        -0.5481        -0.1446        -0.2846        -0.2946
         0.8379         0.2211         0.4351         0.4504
        -0.5717        -0.0873        -0.0342         0.4544
         0.7303         0.1115         0.0437        -0.5804


 Row contributions to factors. Start, end columns: 2 5
         0.0016         0.0203         0.0090         0.0031
         0.0135         0.0000         0.0017         0.0000
         0.0143         0.0046         0.0000         0.0000
         0.0139         0.0010         0.0005         0.0000
         0.0128         0.0056         0.0063         0.0001
         0.0160         0.0040         0.0046         0.0000
         0.0004         0.0027         0.0084         0.0431
         0.0128         0.0056         0.0063         0.0001
         0.0132         0.0016         0.0037         0.0000
         0.0139         0.0010         0.0005         0.0000
         0.0033         0.0161         0.0030         0.0016
         0.0002         0.0010         0.0374         0.0173
         0.0135         0.0000         0.0017         0.0000
         0.0135         0.0000         0.0017         0.0000
         0.0063         0.0113         0.0000         0.0004
         0.0002         0.0080         0.0000         0.0253
         0.0009         0.0110         0.0018         0.0207
         0.0028         0.0142         0.0068         0.0202
         0.0135         0.0021         0.0118         0.0012
         0.0028         0.0142         0.0068         0.0202
         0.0016         0.0072         0.0032         0.0317
         0.0022         0.0145         0.0069         0.0166
         0.0128         0.0056         0.0063         0.0001
         0.0168         0.0097         0.0046         0.0016
         0.0005         0.0013         0.0338         0.0143
         0.0003         0.0015         0.0243         0.0192
         0.0054         0.0001         0.0420         0.0028
         0.0021         0.0188         0.0066         0.0025
         0.0021         0.0188         0.0066         0.0025
         0.0004         0.0123         0.0139         0.0213
         0.0003         0.0056         0.0188         0.0202
         0.0009         0.0110         0.0018         0.0207
         0.0021         0.0188         0.0066         0.0025
         0.0039         0.0148         0.0017         0.0012
         0.0139         0.0010         0.0005         0.0000
         0.0143         0.0046         0.0000         0.0000
         0.0039         0.0148         0.0017         0.0012
         0.0128         0.0056         0.0063         0.0001
         0.0135         0.0000         0.0017         0.0000
         0.0016         0.0203         0.0090         0.0031
         0.0004         0.0027         0.0084         0.0431
         0.0008         0.0161         0.0000         0.0361
         0.0143         0.0046         0.0000         0.0000
         0.0037         0.0002         0.0414         0.0007
         0.0190         0.0066         0.0004         0.0000
         0.0005         0.0004         0.0029         0.0403
         0.0035         0.0099         0.0004         0.0390
         0.0143         0.0046         0.0000         0.0000
         0.0027         0.0174         0.0046         0.0020
         0.0146         0.0107         0.0002         0.0001
         0.0001         0.0001         0.0237         0.0011
         0.0070         0.0064         0.0007         0.0001
         0.0004         0.0008         0.0202         0.0012
         0.0001         0.0061         0.0091         0.0010
         0.0001         0.0173         0.0058         0.0013
         0.0007         0.0093         0.0001         0.0003
         0.0084         0.0113         0.0002         0.0000
         0.0004         0.0191         0.0025         0.0006
         0.0000         0.0086         0.0087         0.0002
         0.0000         0.0039         0.0177         0.0041
         0.0007         0.0184         0.0019         0.0011
         0.0019         0.0002         0.0000         0.0004
         0.0003         0.0118         0.0007         0.0011
         0.0038         0.0019         0.0014         0.0008
         0.0000         0.0030         0.0000         0.0008
         0.0000         0.0004         0.0157         0.0017
         0.0013         0.0011         0.0019         0.0005
         0.0001         0.0094         0.0031         0.0007
         0.0055         0.0111         0.0004         0.0000
         0.0000         0.0077         0.0059         0.0000
         0.0069         0.0021         0.0028         0.0017
         0.0012         0.0048         0.0063         0.0003
         0.0083         0.0111         0.0004         0.0004
         0.0023         0.0058         0.0033         0.0034
         0.0037         0.0005         0.0082         0.0016
         0.0000         0.0032         0.0113         0.0015
         0.0000         0.0176         0.0067         0.0002
         0.0012         0.0047         0.0165         0.0028
         0.0032         0.0023         0.0008         0.0000
         0.0002         0.0099         0.0025         0.0000
         0.0001         0.0070         0.0076         0.0002
         0.0004         0.0075         0.0069         0.0000
         0.0002         0.0093         0.0026         0.0001
         0.0074         0.0074         0.0045         0.0000
         0.0006         0.0019         0.0049         0.0010
         0.0038         0.0073         0.0022         0.0001
         0.0002         0.0007         0.0184         0.0018
         0.0041         0.0131         0.0000         0.0006
         0.0001         0.0006         0.0008         0.0001
         0.0001         0.0061         0.0091         0.0010
         0.0002         0.0056         0.0116         0.0000
         0.0036         0.0000         0.0004         0.0004
         0.0003         0.0091         0.0030         0.0000
         0.0004         0.0191         0.0025         0.0006
         0.0004         0.0065         0.0078         0.0003
         0.0002         0.0004         0.0003         0.0001
         0.0004         0.0032         0.0000         0.0000
         0.0025         0.0010         0.0041         0.0009
         0.0031         0.0053         0.0132         0.0044
         0.0002         0.0083         0.0005         0.0000
         0.0060         0.0271         0.0096         0.0018
         0.0000         0.0092         0.0069         0.0255
         0.0223         0.0000         0.0000         0.0001
         0.0001         0.0000         0.0260         0.0197
         0.0223         0.0000         0.0000         0.0001
         0.0223         0.0000         0.0000         0.0001
         0.0095         0.0126         0.0000         0.0003
         0.0033         0.0040         0.0000         0.0404
         0.0026         0.0063         0.0056         0.0462
         0.0233         0.0058         0.0010         0.0000
         0.0022         0.0006         0.0249         0.0164
         0.0052         0.0289         0.0125         0.0023
         0.0223         0.0000         0.0000         0.0001
         0.0002         0.0084         0.0086         0.0227
         0.0002         0.0069         0.0001         0.0315
         0.0054         0.0180         0.0170         0.0027
         0.0031         0.0008         0.0003         0.0418
         0.0233         0.0058         0.0010         0.0000
         0.0210         0.0105         0.0039         0.0003
         0.0059         0.0079         0.0039         0.0001
         0.0214         0.0045         0.0019         0.0002
         0.0009         0.0082         0.0001         0.0253
         0.0233         0.0058         0.0010         0.0000
         0.0120         0.0101         0.0005         0.0004
         0.0210         0.0105         0.0039         0.0003
         0.0028         0.0019         0.0031         0.0447
         0.0088         0.0067         0.0039         0.0001
         0.0088         0.0003         0.0001         0.0004
         0.0063         0.0001         0.0424         0.0043
         0.0047         0.0006         0.0003         0.0317
         0.0233         0.0058         0.0010         0.0000
         0.0233         0.0058         0.0010         0.0000
         0.0063         0.0001         0.0424         0.0043
         0.0079         0.0057         0.0047         0.0020
         0.0004         0.0188         0.0039         0.0125
         0.0223         0.0000         0.0000         0.0001
         0.0073         0.0002         0.0370         0.0037
         0.0003         0.0056         0.0188         0.0202
         0.0073         0.0004         0.0000         0.0008
         0.0219         0.0010         0.0006         0.0001
         0.0219         0.0010         0.0006         0.0001
         0.0023         0.0001         0.0193         0.0173
         0.0000         0.0092         0.0069         0.0255
         0.0214         0.0045         0.0019         0.0002
         0.0210         0.0105         0.0039         0.0003
         0.0223         0.0000         0.0000         0.0001
         0.0004         0.0151         0.0002         0.0327
         0.0223         0.0000         0.0000         0.0001
         0.0083         0.0004         0.0321         0.0031
         0.0078         0.0009         0.0006         0.0005


 Column contributions to factors. Start, end columns: 2 5
         0.1132         0.0587         0.2930         0.0346
         0.1135         0.0588         0.2936         0.0347
         0.0013         0.4473         0.0927         0.0027
         0.0011         0.3750         0.0777         0.0023
         0.1597         0.0182         0.0950         0.1225
         0.2441         0.0279         0.1452         0.1873
         0.1612         0.0062         0.0013         0.2705
         0.2059         0.0079         0.0016         0.3455

