155
154
153
153
153
153
152
152
152
152
152
152
152
152
152
152
152
153
153
153
153
152
152
151
151
150
150
150
151
151
151
151
151
151
152
152
152
152
152
151
151
152
152
152
152
152
152
152
152
152
152
152
151
152
151
151
151
151
151
152
152
152
152
152
153
153
154
155
155
155
154
154
153
153
153
152
152
152
152
152
152
152
152
152
152
152
151
152
152
152
152
152
152
152
152
152
152
152
152
152
153
153
153
153
153
153
153
153
153
153
153
152
152
152
152
152
152
152
152
152
152
151
150
150
150
151
151
151
152
152
152
152
153
152
152
152
152
152
152
152
152
152
152
152
152
152
152
151
151
151
151
151
152
152
152
152
152
152
152
152
151
151
151
151
151
152
152
152
152
151
150
149
148
148
148
148
148
149
150
152
152
152
152
152
151
151
151
151
152
153
153
154
153
153
153
153
153
153
153
153
153
153
154
154
154
154
154
153
153
153
153
153
153
153
153
153
154
154
154
154
153
152
151
151
150
149
149
150
150
150
151
151
152
152
152
152
151
151
150
150
152
153
154
154
153
153
154
153
154
153
153
153
153
154
154
154
155
154
154
154
154
154
154
154
155
155
154
154
153
153
153
153
153
154
154
153
152
151
150
150
149
150
151
151
151
152
152
152
153
153
153
153
153
152
152
148
148
148
148
148
148
148
148
148
148
148
148
148
152
154
155
156
157
157
157
157
157
157
156
156
154
154
152
152
151
150
150
150
149
148
148
147
148
148
148
148
148
148
148
148
148
148
148
148
144
147
149
152
153
155
154
155
156
156
156
156
156
156
156
155
155
154
154
154
154
154
154
154
154
154
155
154
153
152
151
150
150
150
150
150
150
150
150
150
151
151
152
152
151
151
152
152
152
152
152
153
153
153
153
153
152
152
152
152
152
153
153
153
153
153
153
153
153
153
153
153
153
153
154
154
155
155
156
156
155
155
154
152
152
152
152
153
153
153
153
153
153
153
153
153
153
153
143
148
152
156
160
158
157
156
155
154
153
153
152
152
152
152
152
152
152
152
153
152
152
152
152
152
152
151
151
151
151
151
152
152
152
152
152
152
151
150
149
149
149
150
150
150
151
152
152
152
152
153
153
153
153
153
153
153
154
154
154
154
154
154
153
152
152
152
152
152
151
152
152
152
152
152
152
152
152
152
153
153
153
153
152
152
153
153
153
153
153
154
154
154
153
152
151
151
150
150
150
150
151
151
151
151
151
151
152
152
152
152
153
153
153
152
151
151
150
150
150
150
146
148
147
147
147
157
155
156
156
157
157
157
157
158
159
159
160
160
160
159
159
159
158
157
157
156
155
154
153
153
153
153
153
153
152
152
153
154
154
155
155
155
154
154
154
154
154
154
154
154
153
153
153
153
153
153
153
153
152
152
152
151
151
151
151
152
152
151
152
151
152
152
152
152
152
153
153
153
153
153
153
152
151
151
151
151
151
151
150
150
150
151
152
152
153
153
153
152
152
152
152
152
152
152
152
152
152
152
144
149
152
156
158
156
155
154
153
152
152
152
152
152
152
152
152
152
152
152
152
152
152
152
152
152
152
151
150
148
145
145
106
108
108
108
84
89
89
89
87
87
109
120
120
130
130
130
157
157
176
176
186
189
189
191
190
188
186
182
179
176
173
171
169
167
165
163
162
161
160
159
158
158
157
157
157
156
155
154
154
154
153
153
152
153
152
151
149
146
145
144
142
143
143
154
154
154
154
151
152
154
155
157
157
159
161
162
161
160
158
157
155
153
153
153
153
153
133
133
133
133
140
140
142
142
157
158
159
162
164
165
165
165
163
162
161
160
159
158
157
156
154
153
152
152
152
152
151
151
151
152
152
153
153
153
153
153
153
153
152
152
152
152
152
152
152
151
151
151
150
150
150
151
151
152
153
153
154
154
154
154
153
153
153
153
153
153
147
151
153
156
158
156
155
155
153
152
151
150
150
150
150
149
150
150
150
150
150
150
151
152
152
152
152
152
152
153
152
152
152
152
151
151
151
151
151
151
151
152
152
152
152
153
153
153
153
153
153
153
153
153
153
153
153
153
153
153
153
153
153
154
155
154
153
152
150
150
150
150
151
151
151
151
151
151
151
152
152
153
153
153
154
154
154
154
154
154
153
152
152
152
152
153
153
153
153
153
153
154
154
154
154
155
155
155
156
155
155
155
154
154
154
154
154
154
155
155
155
155
153
152
152
151
151
151
150
151
152
152
152
153
154
153
154
154
153
153
154
154
154
154
154
154
154
154
154
153
154
154
154
154
153
153
154
153
153
154
153
153
153
153
131
137
146
154
161
163
161
159
158
156
154
152
150
150
149
149
149
150
150
151
151
152
153
153
153
153
152
152
152
151
152
152
152
153
153
152
152
151
151
151
151
152
152
153
153
153
153
153
153
152
152
152
152
152
153
153
152
152
151
152
153
154
154
155
154
153
152
152
151
150
151
151
151
151
151
151
152
152
153
153
153
153
152
153
153
154
154
155
154
154
154
153
152
152
152
152
153
153
153
154
154
154
154
153
153
152
152
152
152
152
152
152
152
152
153
153
153
153
153
154
154
153
153
152
151
150
151
151
151
151
151
151
151
151
152
152
153
153
154
154
154
155
155
156
155
155
155
155
154
154
154
154
154
154
154
153
153
153
154
154
155
155
155
155
155
155
154
154
154
154
154
154
115
123
134
148
161
165
164
161
158
157
155
155
154
154
155
155
155
155
155
154
154
154
154
155
155
154
154
153
153
152
152
152
152
152
152
152
152
152
151
151
151
152
152
152
152
152
152
152
153
153
153
153
153
153
154
154
153
152
151
150
149
149
149
150
150
150
150
151
152
153
154
154
154
154
154
154
154
154
154
153
153
153
153
153
153
153
153
153
152
152
152
152
152
152
152
152
153
152
152
152
152
152
153
153
153
153
154
154
155
155
155
154
153
151
151
151
150
151
151
151
151
151
152
152
152
152
152
152
152
162
162
163
161
160
158
156
155
154
153
153
152
152
152
152
152
152
152
152
152
152
152
152
144
149
153
157
160
158
156
155
153
152
152
152
153
153
153
152
151
149
149
149
150
150
149
150
150
150
151
152
152
152
151
151
151
151
151
151
149
148
147
148
151
152
154
154
153
154
154
156
156
157
158
158
158
159
158
157
158
157
156
156
155
155
155
156
156
156
157
157
156
154
152
151
151
151
151
151
152
153
154
155
154
155
155
155
155
155
155
155
155
155
155
155
154
153
152
152
152
152
153
153
154
154
154
153
153
153
153
154
153
153
152
153
152
152
152
152
152
153
153
153
152
151
150
