-19.000
7.830
0.000
-26.830
-18.170
0.560
32.140
12.580
-18.450
17.890
-2.800
-17.600
-37.450
-38.560
9.780  
-7.270  
3.360  
24.590  
-1.680  
0.280  
-11.180  
25.990  
-3.350  
9.500  
11.730  
-15.360  
1.110  
8.670  
-0.280  
10.060  
18.440  
8.100  
12.580  
-6.990  
9.780  
-8.940  
13.140  
24.310  
-1.120  
-7.830  
23.200  
-7.270  
12.020  
5.030  
-35.770  
-36.890  
18.450  
4.470  
-7.830  
23.480  
-1.120  
22.080  
-6.990  
33.250  
-6.420  
-19.010  
8.670  
-23.760  
3.920  
13.410  
0.000  
-3.630  
-6.150
6.150
13.130
5.030
1.960
6.140
8.670
15.650
-4.750
10.890
23.760
-21.800
-25.710
9.220
25.430
3.640
-10.060
17.040
-4.470
0.000
35.210
0.840
0.560
-18.450
-21.790
2.510
27.300
14.920
5.060
16.890
44.740
-15.200
-1.680
-6.200
24.770
3.090
0.000
14.080
7.590
22.520
-1.690
-17.450
12.660
18.300
19.130
32.930
-14.350
11.530
-7.880
-96.240
34.900
-0.290
25.890
-36.580
-0.560
9.280
24.210
9.000
-14.630
-35.180
0.000
24.200
-19.980
-51.780
-1.120
-6.760
-22.790
22.510
-7.320
7.880
23.920
-4.500
1.690
-22.790
32.080
0.280
-13.390
-1.440
16.990
30.510
-30.800
-2.300
6.910
-48.370
-46.360
-12.380
-63.330
-72.270
9.210
0.000
-42.610
82.060
4.320
13.530
-19.000
14.570
-7.140
-20.220
1.780
-1.780
-41.050
-0.600
-21.110
53.830
-3.860
57.100
-6.240
0.000
-31.230
13.380
19.330
13.390
-16.660
-1.780
-26.470
-40.460
27.370
-27.370
23.800
6.840
11.820
49.110
12.280
26.090
7.370
-23.940
2.760
10.130
-1.840
3.680
0.000
1.230
2.460
-1.840
13.230
-3.700
-12.610
-6.460
3.690
20.310
9.670
31.710
-24.420
20.930
-34.560
-34.880
-33.930
16.800
-25.680
-62.150
48.560
-15.860
-2.590
-42.090
21.690
0.000
5.830
22.020
13.920
20.720
-6.150
-0.330
1.620
34.970
14.560
1.620
-7.120
-21.040
5.180
2.590
6.800
-6.160
-15.210
10.360
33.670
33.670
-1.950
-3.560
-26.870
-18.770
6.790
1.950
11.000
-15.860
17.810
-8.420
24.280
-8.090
-21.050
-0.320
-3.890
24.610
70.900
-16.840
51.160
17.800
18.450
-3.880
-11.980
-15.860
0.000
13.120
-12.450
22.210
-33.650
-14.470
19.520
15.470
58.550
-20.530
3.370
-67.630
-17.490
-14.470
-5.380
17.490
13.800
15.140
-23.550
-11.440
3.700
-45.760
-13.790
-11.780
21.870
23.890
55.510
-1.680
14.800
20.520
13.460
-6.390
18.500
-24.890
-19.850
-36.000
-4.710
-2.360
26.920
55.510
-22.540
-44.750
-26.240
8.750
-38.360
1.350
21.870
1.010
-9.760
-20.520
28.260
-3.370
18.840
-17.150
-12.790
-45.750
-91.520
-3.360
0.000
33.640
31.290
-1.010
0.680
-38.360
44.750
-3.700
4.030
-10.430
-49.790
5.380
27.260
-3.030
30.950
19.180
41.720
-16.490
-23.550
34.650
13.120
18.510
0.000
28.260
-22.200
-6.060
1.010
0.000
4.040
19.170
-6.730
16.490
-6.060
5.390
-4.710
-3.030
49.460
23.880
-1.680
-1.680
-46.770
-12.780
-2.020
-4.710
8.750
-1.010
-12.450
-25.910
11.780
3.700
23.210
57.870
9.090
-0.340
-2.020
-2.690
6.390
15.140
4.040
27.920
1.350
-33.980
0.000
10.430
9.080
30.280
8.410
-23.170
22.480
-16.250
-14.870
9.680
7.950
-34.930
16.600
4.160
52.220
-10.380
23.520
-10.380
30.780
4.500
10.030
-11.070
10.380
4.840
50.830
18.680
-5.530
8.990
11.760
-14.870
10.720
33.200
-1.040
4.840
-12.790
5.530
-11.070
10.730
10.370
0.000
-12.810
-16.250
28.360
23.170
39.440
33.890
-3.810
-0.340
14.870
6.570
-5.190
12.800
44.270
-13.490
-16.260
40.470
6.910
13.840
6.570
19.370
6.910
-2.420
-12.450
-81.960
0.690
54.300
40.810
1.720
-25.930
-43.230
0.000
9.680
86.460
7.610
-28.360
32.160
8.650
-23.170
-3.460
-34.580
22.470
38.050
6.570
5.190
14.520
42.890
-3.120
-3.460
42.540
-3.800
-34.590
-8.640
14.180
-6.230
5.540
29.050
0.000
30.080
48.770
38.730
-0.340
-21.790
46.690
0.190
-18.660
27.470
-50.010
-57.410
12.680
0.000
27.120
45.780
-7.390
25.710
-17.260
-7.040
-8.100
-10.220
11.270
-17.960
9.860
0.000
-21.830
-27.830
-25.360
41.560
-19.020
-1.760
-8.450
-13.030
-2.820
5.640
-35.570
-4.230
20.780
-7.400
14.440
-3.870
5.990
36.980
0.000
22.540
13.730
-14.090
31.000
4.220
42.270
18.310
36.280
-4.230
-17.160
-13.370
25.650
-25.290
-3.250
5.780
-4.330
-3.250
25.290
1.440
-27.820
-11.560
-9.030
22.040
6.500
-42.990
-5.420
14.450
29.630
28.900
-9.400
11.560
-18.420
24.930
-7.590
-39.380
28.180
-29.980
-49.860
37.930
14.820
-1.090
11.200
41.910
16.980
-11.560
-16.980
55.640
11.560
6.140
2.530
-1.090
50.940
46.610
20.590
-6.860
40.460
18.060
0.000
7.230
22.040
7.220
27.460
-31.070
12.640
52.390
37.930
21.680
-39.740
-2.530
27.460
-9.400
41.550
-34.320
-5.420
-101.520
34.680
-50.570
37.210
1.440
0.000
12.290
-4.340
-10.120
21.320
0.000
60.330
16.620
-20.230
7.590
16.250
-67.550
-97.190
32.160
-3.980
-17.340
44.440
-21.320
57.450
60.330
34.680
-27.090
50.570
-26.010
54.920
33.230
76.230
14.090
9.760
-31.070
33.600
52.020
32.510
47.330
2.170
58.530
1.080
-21.680
-28.180
-48.050
0.000
-44.790
57.440
92.490
22.030
-65.390
-15.890
-43.000
-20.590
50.940
63.590
42.270
-12.650
11.920
-171.240
110.550
2.890
-15.170
17.340
-1.090
98.630
-14.090
-14.090
-28.540
9.760
7.220
26.740
-43.720
3.970
-43.710
50.580
33.960
18.060
-6.860
0.000
-88.510
-33.960
-74.430
1.090
45.520
60.330
27.100
-70.090
1.810
-16.260
29.260
23.850
-34.690
13.010
1.080
5.420
-4.330
6.140
-76.950
-20.240
-13.720
-43.360
53.110
1.080
43.000
64.460
42.110
0.730
9.610
52.450
61.320
-12.560
41.740
-15.880
0.740
0.000
-53.190
-35.840
19.580
-50.230
-18.470
41.000
31.770
-30.290
29.920
-9.240
-19.210
-0.370
-10.340
-8.500
3.330
-24.750
20.320
11.080
45.800
12.560
1.480
-36.570
-5.170
-22.900
75.350
-9.600
-17.360
0.000
-114.880
-37.310
31.030
21.790
-83.150
-9.940
-161.050
9.250
18.120
87.300
-37.360
-35.880
-44.390
8.140
67.320
51.050
-38.470
47.340
46.980
65.840
85.080
-5.550
21.830
22.560
-5.180
-32.180
23.670
-57.700
19.600
-1.100
23.670
9.990
21.820
-31.440
43.650
-10.730
-28.850
17.380
1.110
-64.730
-31.440
0.000
32.180
8.510
-49.940
52.900
73.980
-6.660
27.740
17.020
66.580
50.680
-0.370
-11.470
-9.620
20.720
6.280
-20.710
3.330
-8.510
4.070
9.250
22.730
29.070
-1.120
60.010
-13.050
-13.040
-36.150
-8.950
47.710
40.620
-5.220
16.030
38.390
35.030
-3.360
-29.070
-25.340
-43.980
14.540
-34.290
34.290
-13.790
36.150
-7.450
19.750
39.500
96.530
28.330
13.780
35.780
10.440
8.200
38.760
35.030
-1.120
50.690
32.420
-11.550
53.290
76.030
-19.380
-29.070
0.000
22.360
0.000
-79.010
-19.750
14.160
-55.160
82.000
9.310
-70.730
-98.810
1.160
-36.520
39.980
38.440
126.870
10.760
4.620
33.830
0.000
23.830
14.230
-11.540
-101.100
0.000
-5.780
101.600
23.090
33.480
-51.180
76.190
78.120
5.390
53.110
-35.410
38.490
67.730
10.770
40.030
-33.870
-94.280
-59.270
-35.790
-4.610
84.660
83.120
-10.770
-6.930
27.320
-86.580
26.160
82.740
-49.260
51.570
103.520
60.810
-33.480
0.000
78.500
-47.330
-92.750
4.240
76.580
29.630
-54.650
-58.110
-47.330
41.180
-66.200
93.130
-1.150
56.190
78.500
5.770
-45.790
-160.480
56.570
20.020
-58.920
-18.880
-57.400
-15.490
100.460
-29.080
4.530
-140.110
0.000
-157.110
27.570
-94.040
-39.660
48.720
29.840
53.250
-45.320
-23.790
-148.360
60.210
135.260
92.710
-21.270
44.950
-43.340
173.380
-20.870
-20.470
-53.380
44.150
179.010
46.960
-32.510
94.720
143.290
10.830
-139.670
50.970
32.910
123.220
-18.540
11.950
47.390
-138.880
34.210
74.580
-12.770
-32.560
87.780
0.000
37.500
-26.180
-27.050
0.860
-41.640
22.750
-42.490
35.630
130.490
42.720
60.770
36.560
135.640
70.570
-9.950
-11.310
-42.070
58.350
19.450
-192.250
153.800
-68.080
-35.730
33.470
-14.930
49.540
73.050
100.430
0.000
-37.320
103.820
-119.880
44.330
35.060
1.160
52.730
63.170
-18.110
-130.310
16.260
154.930
26.710
28.570
-3.490
7.670
53.420
80.360
-32.280
-28.570
4.410
-10.910
71.770
-71.310
-156.780
30.890
-101.270
-32.520
13.710
-247.370
108.700
114.740
103.130
-127.280
-6.040
-28.340
-77.350
5.110
-92.900
-72.010
0.000
257.360
14.860
-27.400
-44.830
12.770
16.730
-132.630
-58.300
81.990
-21.830
174.780
-9.480
36.280
-5.450
79.560
-26.770
-63.350
-58.700
74.170
69.250
-46.170
70.240
12.030
11.050
61.640
78.090
-83.250
-33.640
-16.210
27.010
24.070
-38.310
-119.100
-91.850
74.410
139.000
-25.790
-186.880
-132.360
-554.260
337.170
8.350
-125.000
60.410
232.310
14.740
3.440
-9.330
-101.920
-28.730
6.140
-157.410
86.440
84.720
125.740
-47.400
73.920
101.870
54.460
-113.150
41.030
-14.170
0.000
28.350
189.980
5.720
13.180
18.150
98.970
-38.290
-61.180
-70.870
-129.800
-10.690
84.290
53.720
-18.900
-110.910
-90.210
63.020
-127.540
-31.640
0.000
19.180
113.100
123.560
-7.720
0.000
56.790
13.950
-72.740
-3.980
-99.650
-222.200
66.760
84.950
52.560
-92.920
61.780
0.000
119.570
-78.720
-63.520
-30.140
12.200
102.140
100.390
57.550
-66.520
201.280
52.570
-30.640
-12.460
72.240
-8.970
115.090
18.940
55.050
0.500
0.000
28.400
52.560
-75.480
38.360
-3.740
-40.100
87.680
32.890
55.050
4.730
34.380
-45.590
-94.910
125.060
-2.250
75.980
32.630
-16.190
-57.040
116.330
31.140
25.410
27.650
103.380
-90.180
88.190
-31.640
-25.910
-50.810
-13.960
17.690
68.510
118.320
-3.230
49.820
-76.730
-65.020
103.380
0.000
17.440
97.900
52.070
-85.700
90.930
-25.660
43.100
-8.220
-33.390
-78.710
-146.980
-18.680
52.560
111.850
83.700
45.590
-45.090
-92.920
-77.970
78.470
36.370
70.250
50.070
-39.610
-76.230
-45.090
3.740
116.830
-39.110
-17.930
0.000
-150.710
-27.160
33.630
-70.250
22.420
-31.130
-87.440
66.760
167.150
31.890
-19.680
-78.220
-159.930
23.170
-207.010
37.360
164.170
-16.450
-100.140
-1.740
117.330
95.410
11.710
8.960
52.820
-45.340
96.650
-23.410
0.000
66.510
-6.730
89.930
-85.190
15.960
-9.530
149.330
-11.070
93.720
9.780
-42.220
-105.560
-61.280
-195.930
4.380
90.880
-93.460
-19.820
111.990
-143.660
-96.550
-299.430
59.470
30.900
20.340
-23.170
-112.000
90.110
-93.460
-34.500
149.850
139.800
-21.370
-81.870
-77.760
32.960
36.040
-79.300
-357.360
-114.310
-512.610
288.360
-45.060
-100.150
-41.970
0.000
380.530
-155.760
-249.480
179.960
149.850
79.040
65.390
-216.010
21.890
37.590
-36.050
257.210
-152.420
26.780
80.070
-28.320
-237.900
-210.090
