4257
4250
4252
4261
4265
4269
4262
4263
4262
4264
4264
4260
4255
4255
4255
4256
4259
4264
4266
4267
4266
4266
4265
4266
4267
4267
4264
4278
4280
4279
4278
4273
4274
4275
4277
4298
4289
4286
4285
4284
4282
4280
4280
4281
4286
4288
4286
4287
4286
4286
4286
4289
4287
4286
4296
4302
4304
4314
4308
4319
4316
4315
4318
4317
4318
4317
4317
4316
4315
4318
4326
4321
4319
4330
4329
4327
4323
4322
4318
4314
4307
4308
4309
4309
4309
4309
4311
4309
4309
4315
4312
4312
4310
4299
4300
4304
4303
4302
4309
4312
4311
4317
4317
4317
4319
4334
4328
4326
4328
4326
4312
4312
4314
4316
4317
4317
4317
4320
4319
4316
4315
4315
4315
4313
4314
4320
4313
4311
4312
4311
4310
4308
4313
4313
4315
4318
4317
4316
4316
4315
4318
4327
4326
4317
4312
4308
4307
4310
4315
4318
4307
4310
4309
4314
4315
4313
4312
4315
4313
4311
4315
4316
4319
4323
4322
4322
4320
4320
4317
4315.5
4316
4318
4320
4321
4321
4330
4315
4316
4313
4314
4313
4315
4318
4321
4324
4322
4322
4324
4325
4325
4325
4325
4327
4327
4326
4330
4336
4333
4331
4332
4336
4339
4334
4334
4333
4345
4350
4355
4353
4353
4348
4349
4345
4344
4348
4351
4347
4348
4354
4356
4359
4363
4365
4367
4367
4358
4356
4357
4358
4357
4359
4358
4358
4357
4357
4357
4362
4361
4364
4368
4364
4365
4366
4367
4367
4405
4395
4395
4391
4396
4397
4403
4402
4401
4399
4398
4400
4401
4409
4410
4416
4414
4420
4420
4419
4418
4412
4413
4413
4415
4411
4413
4411
4410
4410
4409
4414
4412
4412
4416
4411
4414
4415
4413
4422
4418
4411
4413
4416
4414
4410
4408
4407
4409
4408
4406
4405
4403
4397
4399
4403
4407
4407
4410
4413
4414
4413
4409
4407
4412
4414
4416
4416
4419
4416
4405
4402
4401
4400
4410
4404
4405
4405
4401
4396
4396
4399
4399
4398
4398
4397
4398
4398
4396
4394
4395
4393
4390
4386
4392
4388
4392
4388
4385
4391
4395
4393
4393
4393
4400
4389
4387
4383
4388
4394
4397
4396
4398
4395
4394
4395
4400
4398
4401
4400
4397
4398
4397
4397
4397
4400
4399.5
4398
4395
4400
4400
4397
4405
4406
4405
4407
4413
4413
4413
4420
4417
4420
4420
4416
4418
4414
4412
4411
4413
4413
4413
4410
4410
4410
4415
4416
4415
4417
4416
4430
4435
4442
4440
4445
4448
4443
4455
4458
4463
4464
4466
4468
4468
4473
4469
4480
4469
4470
4471
4471
4464
4465
4461
4461
4465
4460
4457
4456
4456
4450
4444
4444
4444
4437
4440
4428
4428
4429
4427
4431
4440
4442
4441
4439
4443
4451
4470
4461
4467
4466
4471
4477
4477
4466
4466
4463
4465
4465
4462
4463
4459
4459
4460
4458
4459
4459
4460
4460
4460
4460
4459
4459
4459
4459
4457
4457
4458
4453
4457
4459
4456
4451
4453
4452
4452
4430
4437
4441
4440
4439
4440
4449
4453
4452
4455
4463
4467
4463
4463
4470
4468
4468
4469
4466
4468
4478
4473
4475
4479
4478
4485
4480
4469
4470
4470
4461
4463
4460
4456
4455
4488
4488
4488
4488
4492
4492
4486
4487
4487
4488
4516
4519
4536
4532
4537
4535
4533
4535
4535
4532
4532
4531
4530
4528
4529
4531
4532
4536
4533
4540
4539
4542
4545
4547
4548
4540
4538
4546
4558
4555
4557
4560
4561
4563
4568
4570
4567
4566
4575
4575
4574
4568
4564
4565
4565
4565
4566
4563
4562
4563
4558
4554
4557
4557
4557
4554
4548
4548
4550
4546
4534
4529
4531
4542
4547
4547
4549
4546
4543
4542
4544
4546
4544
4539
4535
4536
4533
4531
4532
4534
4538
4546
4550
4553
4554
4560
4562
4577
4588
4584
4587
4588
4593
4600
4599
4608
4620
4625
4621
4627
4636
4636
4635
4637
4637
4640
4637
4632
4630
4631
4627
4627
4623
4631
4638
4645
4641
4646
4642
4650
4652
4665
4660
4659
4649
4651
4650
4651
4645
4641
4655
4648
4640
4643
4638
4636
4639
4640
4635
4635
4638
4639
4639
4639
4641
4640
4638
4635
4642
4646
4655
4654
4653
4659
4665
4669
4673
4677
4679
4683
4688
4689
4690
4689
4689
4702
4703
4695
4695
4694
4698
4710
4714
4712
4719
4729
4735
4728
4723
4722
4718
4720
4719
4716
4722
4720
4716
4716
4717
4719
4713
4702
4706
4711
4707
4708
4713
4723
4725
4727
4721
4718
4722
4726
4730
4727
4723
4718
4716
4714
4712
4708.5
4708
4703
4696
4689
4683
4682
4683
4705
4708
4708
4709
4707
4726
4724
4707
4700
4705
4703
4707
4710
4707
4707
4711.5
4695
4687
4687
4686
4680
4681
4685
4688
4690
4687
4681
4678
4677
4676
4678
4674
4674
4672
4674
4680
4672
4677
4672
4670
4674
4680
4686
4689
4695
4698
4697
4694
4695
4695
4695
4722
4724
4727
4726
4728
4725
4730
4722
4716
4712
4709
4707
4711
4712
4708
4709
4713
4712
4712
4714
4711
4710
4710
4709
4710
4713
4706
4698
4696
4703
4707
4704
4700
4700
4705
4689
4690
4692
4695
4702
4702
4696
4692
4687
4685
4680
4682
4676
4676
4677
4676.5
4677
4677
4677
4670
4670
4667
4663
4661
4663
4662
4660
4660
4665
4660
4660
4660
4658
4659
4658
4658
4646
4647
4639
4643
4641
4643
4643
4644
4641
4641
4643
4636
4634
4632
4630
4630
4631
4632
4630
4630
4626
4618
4619
4616
4615
4609
4610
4610
4610
4612
4611
4610
4610
4609
4641
4640
4647
4651
4655
4654
4652
4651
4649
4650
4647
4651
4657
4656
4659
4664
4663
4665
4665
4670
4667
4667
4668
4671
4672
4675
4667
4665
4659
4667
4662
4656
4646
4644
4648
4651
4650
4644
4653
4656
4664
4665
4663
4671
4677
4666
4665
4664
4665
4666
4664
4664
4661
4658
4660
4672
4675
4671
4670
4682
4680.5
4673
4670
4677
4670
4665
4670
4670
4670
4673
4690
4687
4681
4687
4684
4676
4676
4667
4669
4661
4664
4662
4662
4667
4667
4667
4666
4666
4670
4670
4675
4678
4677
4678
4682
4673
4680
4679
4682
4681
4675
4674
4678
4677
4677
4694
4696
4697
4694
4703
4707
4706
4706
4700
4697
4694
4693
4695
4693
4696
4697
4700
4703
4703
4702
4695
4698
4690
4687
4693
4695
4689
4683
4688
4687
4688
4698
4700
4709
4708
4718
4712
4713
4711
4710
4715
4709
4707
4707
4707
4705
4697
4695
4684
4683
4682
4682
4684
4686
4688
4691
4688
4687
4686
4686
4682
4688
4688
4690
4691
4690
4696
4693
4698
4697
4685
4692
4688
4689
4699
4705
4701
4702
4703
4704
4699
4699
4699
4697
4698
4696
4696
4696
4691
4693
4692
4697
4693
4691
4693
4693
4691
4692
4692
4691
4682
4681
4675
4679
4684
4695
4686
4675
4670
4668
4662
4659
4647
4647
4643
4632
4634
4640
4636
4631
4637
4636
4630
4634
4639
4636
4622
4609
4603
4602
4607
4610
4610
4622
4624
4624
4624
4621
4620
4626
4650
4639
4614
4614
4614
4617
4615
4609
4607
4606
4610
4608
4612.5
4609
4610
4612
4612
4610
4611
4611
4615
4614
4614
4615
4613
4605
4592
4582
4580
4564
4553
4561
4563
4562
4558
4564
4571
4559
4558
4559
4553
4556
4554
4556
4554
4550
4552
4542
4535
4542
4535
4539
4542
4550
4554
4554
4542
4551
4554
4550
4558
4563
4564
4561
4562
4555
4560
4565
4572
4575
4574
4577
4595
4589
4591
4587
4589
4587
4580
4581
4589
4589
4586
4587
4586
4584
4582
4585
4585
4581
4580
4574
4570
4567
4560
4563
4557
4560
4560
4557
4555
4552
4549
4553
4552
4549
4548
4550
4554
4550
4548
4549
4549
4546
4548.5
4548
4550
4554
4555
4555
4562
4555
4560
4561
4567
4571
4580
4578
4573
4571
4570
4570
4578
4575
4581
4582
4576
4583.5
4582
4580
4588
4584
4597
4599
4597
4598
4596
4608
4609
4608
4606
4612
4620
4620
4618
4613
4621
4617
4617
4621
4612
4615
4612
4606
4630
4635
4642
4638
4644
4653
4658
4680
4677
4679
4678
4694
4697
4692
4696
4704
4703
4696
4696
4696
4700
4686
4686
4686
4683
4677
4671
4667
4670
4668
4667
4676
4684
4685
4684
4687
4693
4701
4706
4700
4705
4710
4706
4715
4711
4710
4717
4715
4703
4696
4694
4700
4703
4709
4708
4714
4717
4714
4721
4720
4713
4711
4712
4714
4716
4713
4716
4717
4725
4727
4727
4732
4746
4744
4750
4757
4758
4760
4757
4753
4756
4764
4753
4751
4749
4741
4736
4738
4733
4740
4735
4739
4743
4742
4740
4736
4736
4733
4730
4729
4730
4739
4737
4743
4739
4747
4754
4747
4744
4731
4730
4740
4740
4744
4744
4745
4740
4733
4735
4744
4753
4760
4760
4752
4749
4751
4747
4746
4742
4736
4742
4740
4738
4743
4745
4760
4766
4772
4782
4783
4774
4773
4769
4777
4779
4776
4776
4775
4772
4775
4780
4793
4791
4805
4811
4810
4802
4797
4798
4803
4800
4799
4799
4798
4805
4804
4802.5
4806
4809
4797
4807
4809
4804
4798
4785
4792
4792
4803
4806
4797
4806
4803
4805
4808
4810
4809
4794
4763
4759
4764
4768
4767
4766
4763
4763
4757
4757
4755
4756
4758
4752
4752
4752
4752
4750
4755
4756
4755.5
4755
4758
4756
4754
4755
4759
4759
4756
4751
4752
4755
4756
4757
4760
4754
4756
4760
4764
4767
4765
4763
4758
4757
4748
4747
4739
4727
4724
4715
4710
4695
4704
4708
4702
4690
4672
4669
4667
4667
4672
4678
4677
4682
4682
4677
4685
4690
4693
4682
4646
4648
4634
4634
4635
4633
4626
4642
4650
4647
4642
4640
4647
4650
4654
4658
4663
4660
4656
4645
4638
4643
4645
4645
4652
4652
4652
4651
4654
4655
4661
4651
4655
4656
4671
4634
4635.5
4641
4640
4629
4633
4638
4640
4640
4636
4636
4630
4626
4631
4627
4628
4633
4635
4636
4642
4645
4653
4660
4657
4658
4655
4647
4647
4659
4659
4654
4653
4654
4653
4687
4687
4684
4680
4677
4684
4679
4695
4710
4692
4692
4688
4691
4689
4691
4689
4686
4678
4675
4672
4662
4659
4647
4637
4649
4643
4643
4639
4623
4630
4615
4604
4595
4606
4610
4605
4585
4554
4562
4570
4584
4578
4582
4589
4574
4569
4557
4555
4573
4576
4571
4567
4585
4592
4588
4585
4586.5
4575
4577
4574
4595
4595
4593
4602
4592
4583
4575
4580
4576
4580
4564
4570
4587
4589
4591
4583
4590
4594
4595
4598
4607
4604
4599
4610
4612
4616
4613
4612
4612
4614
4613
4623
4620
4622
4632
4625
4621
4616
4620
4625
4628
4627
4622
4617
4616
4658
4656
4655
4668
4667
4662
4656
4658
4654
4652
4650
4654
4653
4660
4658
4665
4665
4662
4661
4658
4654
4656
4656
4657
4656
4656
4654
4659
4663
4661
4665
4670
4660
4671
4665
4661
4658
4650
4654
4656
4663
4673
4673
4677
4674
4671
4678
4675
4677
4677
4680
4681
4684
4682
4676
4673
4671
4670
4669
4670
4673
4675
4680
4685
4687
4688
4697
4692
4696
4694
4680
4670
4658
4649
4647
4644
4639
4636
4647
4653
4652
4653
4657
4655
4652
4649
4647
4643
4644
4643
4640
4643
4644
4638
4643
4648
4650
4649
4654
4654
4662
4666
4664
4663
4661
4689
4695
4689
4685
4674
4669
4658
4662
4667
4663
4660
4662
4662
4661
4660
4659
4662
4663
4662
4660
4658
4656
4655
4653
4654
4648
4635
4626
4624
4618
4607
4615
4613
4613
4612
4633
4638
4640
4649
4645
4654
4668
4670
4690
4708
4697
4690
4703
4699
4696
4714
4715
4715
4714
4702
4702
4715
4713
4712
4712
4728
4738
4761
4759
4774
4790
4788
4790
4790
4786
4794
4816
4829
4819
4795
4791
4782
4762
4756
4760
4746
4749
4760
4765
4764
4770
4765
4766
4754
4754
4762
4752
4754
4762
4764
4770
4778
4775
4772
4825
4820
4822
4780
4764
4762
4750
4775
4824
4855
4828
4808
4815
4847
4842
4844
4869
4874
4868
4844
4823
4840
4837
4835
4850
4880
4890
4909
4930
4918
4897
4896
4895
4889
4886
4884
4889
4885
4880
4879
4888
4890
4863
4905
4908
4897
4891
4885
4868
4856
4853
4856
4867
4869
4872
4863
4849
4840
4834
4838
4850
4840
4840
4834
4828
4838
4838
4840
4834
4830
4828
4824
4830
4828
4830
4827
4834
4806
4810
4806
4807
4808
4807
4810
4808
4801
4799
4797
4803
4803
4799
4798
4797
4797
4796
4802
4806
4811
4824
4825
4822
4822
4826
4839
4836
4835
4830
4834
4836
4838
4838
4810
4814
4820
4828
4817
4809
4809
4816
4824
4824
4818
4813
4816
4812
4796
4795
4785
4790
4777
4774
4782
4794
4791
4787
4794
4802
4797
4787
4786
4782
4780
4782
4782
4780
4790
4786
4755
4765
4753
4764
4773
4777
4788
4800
4786
4783
4787
4788
4792
4793
4791
4795
4797
4796
4790
4803
4797
4800
4803.5
4802
4799
4796
4790
4790
4775
4774
4777
4776
4775
4774.5
4754
4767
4765
4760
4761
4761
4761
4758
4762
4760
4759
4759
4760
4778
4784
4780
4781
4777
4776
4784
4781
4778
4771
4770
4776
4779
4793
4789
4794
4794
4791
4790
4790
4792
4795
4827
4835
4832
4821
4826
4818
4823
4824
4822
4820
4810
4812
4812
4810
4811
4808
4810
4815
4816
4824
4825
4814
4812
4815
4822
4819
4825
4832
4830
4833
4832
4832
4839
4839
4844
4849
4833
4833
4838
4853
4860
4855
4865
4859
4856
4854
4855
4852
4853
4855
4860
4862
4866
4860
4870
4867
4866
4859
4859
4866
4865
4869
4872
4877
4879
4881
4882
4881
4881
4881
4882
4892
4896
4888
4897
4903
4916
4915
4912
4909
4907
4907
4922
4923
4925
4922
4918
4917.5
4916
4921
4929
4926
4920
4919
4924
4938
4938
4933
4930
4937
4940
4935
4934
4940
4943
4957
4974
4993
4997
4998
4994
4988
4981
4985
4980
4985
4993
5000
5012
5008
5005
4999
5005
5008
5015
5019
5019
5022
5024
5040
5037
5055
5058
5037
5025
5018
5016
5015
5024
5025
5055
5053
5032
5015
5014
5009
4999
4989
4981
4984
4996
5002
5000
4995
4996
4990
4987
4989
4984
4988
5005
5006
5005
5003
5001
4992
4992
5000
4994
4994
4985
4985
4988
4989
4998
4988
4968
4974
4995
5000
5014
5012
4992
4978
4970
4986
4986
4981
4966
4968
4968
4966
4960
4955
4947
4961
4957
4950
4940
4933
4920
4890
4882
4855
4870
4877
4870
4862
4855
4860
4860
4835
4822
4815
4819
4831
4826
4817
4824
4828
4830
4834
4825
4825
4825
4828
4816
4817
4819
4825
4825
4828
4829
4831
4831
4825
4821
4815
4815
4823
4805
4816
4803
4805
4801
4849
4847
4834
4840
4839
4837
4846
4850
4850
4852
4846
4847
4851
4852
4850
4852
4845
4847
4845
4842
4848
4850
4850
4857
4876
4873
4866
4868
4873
4880
4880
4880
4878
4877
4876
4960
4956
4948
4950
4957
4969
4967
4958
4956
4958
4957
4959
4955
4940
4949
4947
4948
4947
4942
4940
4944
4937
4940
4938
4933
4936
4926
4916
4913
4888
4888
4905
4900
4902
4900
4905
4878
4880
4888
4893
4910
4915
4910
4908
4895
4886
4896
4905
4907
4897
4899
4893
4896
4896
4905
4896
4907
4914
4909
4910
4910
4909
4890
4884
4865
4880
4880
4877
4876
4882.5
4908
4885
4875
4875
4868
4865
4869
4866
4860
4855
4854
4854
4853
4853
4858
4858
4857
4854
4855
4855
4865
4874
4865
4866
4870
4873
4878
4874
4873
4877
4880
4885
4885
4885
4887
4885
4870
4860
4858
4861
4860
4866
4865
4871
4869
4863
4860
4863
4863
4865
4864
4867
4864
4867
4866
4866
4869
4878
4877
4884
4885
4885
4896
4889
4884
4878
4882
4883
4893
4895
4907
4926
4920
4919
4918
4912
4907
4914
4919
4921
4917
4917
4914
4913
4910
4903
4902
4899
4892
4898
4897
4887
4884
4872
4870
4875
4880
4905
4898
4893
4896
4908
4903
4901
4906
4933
4928
4926
4938
4940
4933
4931
4927
4927
4927
4926
4928
4929
4928
4933
4937
4944
4948
4938
4935
4942
4946
4945
4944
4945
4949
4946
4948
4948
4947
4950
4949
4951
4952
4952
4945
4955
4949
4952
4956
4959
4960
4956
4952
4956
4958
4955
4955
4955
4952
4948
4948
4947
4945
4958
4956
4958
4963
4963
4958
4960
4961
4960
4944
4933
4927
4925
4923
4925
4922
4949
4951
4948
4945
4943
4934
4924
4924
4925
4919
4926
4930
4930
4935
4939
4932
4930
4932
4931
4935
4925
4937
4928
4928
4953
4950
4938
4888
4885
4880
4882
4890
4880
4865
4860
4885
4888
4895
4891
4898
4896
4891
4900
4899
4907
4906
4902
4895
4892
4894
4901
4897
4893
4890
4890
4885
4882
4881
4881
4880
4880
4881
4880
4884
4887
4896
4915
4906
4910
4914
4945
4945
4945
4949
4938
4930
4937
4941
4940
4942
4942
4947
4951
4943
4937
4944
4939
4938
4941
4938
4943
4938
4947
4954
4962
4961
4967
4976
4969
4972
4963
4962
4972
4974
4972
4997
4998
4995
4997
5000
5008
5012
5019
5024
5018
5021
5018
5024
5022
5023
5045
5052
5058
5056
5059
5056
5051
5047
5040
5036
5028
5045
5045
5047
5054
5055
5064
5058
5051
5047.5
5074
5067
5053
5055
5059
5055
5035
5033
5030
5035
5038
5034
5037
5046
5087
5098
5104
5104
5103
5115
5123
5131
5127
5133
5127
5120
5137
5138
5123
5127
5125
5129
5125.5
5131.5
5134
5123
5117
5118
5098
5086
5087
5086
5093
5094
5085
5083
5075
5074
5075
5074
5055
5052
5042
5050
5052
5025
5024
5028
5036
5030
5051
5071
5066
5060
5064
5058
5050
5042
5023
5035
5030
5028
5016
5022
5033
5034
5039
5043
5040
5033
5037
5049
5066
5071
5078
5074
5066
5070
5070
5075
5085
5079
5089
5090
5089
5069
5083
5069
5082
5077
5067
5076
5080
5086
5084
5109
5113
5093
5099
5097
5096
5093
5092
5095
5093
5079
5067
5067
5067
5072
5073
5080
5085
5086
5097
5106
5103
5104
5102
5102
5101
5113
5117
5121
5125
5115
5116
5115
5120
5116
5085
5072
5084
5076
5069
5063
5054
5051
5053
5055
5055
5054
5053
5050
5041
5038
5030
5023
5025
5090
5095
5094
5102
5096
5078
5068
5060
5028
5035
5025
5019
5030
5027
5025
5022
5075
5060
5066
5058
5055
5047
5044.5
5043
5052
5045
5034
5029
5016
5025
5021
5017
5020
5024
5022
5028
5038
5028
5024
5026
5030
5029
5012
5010
5000
5005
5005
5005
4999
4999
4997
5002
4985
4987
4989
5004
5015
5014
4995
4997
4984
4955
4955
4966
4964
4958
4957
4949
4944
4935
4929
4927
4916
4905
4898
4905
4892
4890
4890
4898
4882
4870
4852
4855
4860
4856.5
4815
4822
4820
4839
4837
4827
4833
4836
4847
4850
4847
4857
4869
4868
4869
4873
4876
4873
4874
4863
4859
4863
4863
4863
4863
4863
4863
4863
4863
4863
4863
4863
4863
4863
4863
4913
4907
4892
4900
4906
4907
4908
4912
4910
4911
4902
4900
4896
4897
4901
4900
4901
4898
4903
4899
4898
4895
4891
4910
4910
4904
4900
4915
4922
4937
4947
4953
4955
4955
4955
4985
4969
4960
4965
4974
4978
4968
4964
4969
4964
4960
4959
4955
4963
4960
4962
4962
4965
4972
4978
4974
4975
4968
4963
4962
4970
4970
4971
4975
4982
4991
4983
4982
4987
4992
5020
5023
5013
5006
5005
5004
5002
5000
5004
4994
4992
4990
4992
4999
5013
5020
5017
5010
5020
5028
5026
5035
5023
5015
5016
5004
5016
5020
5014
5002
5003
5010
5011
5008
5002
4978
4982
4984
4978
4975
4975
4974
4970
4958
4942
4942
4937
4927
4930
4930
4931
4921
4902
4902
4893
4871
4895
4900
4886
4884
4897
4898
4910
4948
4945
4927
4907
4906
4904
4905
4945
4943
4939
4919
4904
4875
4880
4886
4886
4880
4876
4870
4859
4858
4867
4874
4872
4865
4865
4875
4860
4862
4865
4874
4885
4878
4895
4891
4910
4913
4910
4912
4900
4909
4900.5
4910
4898
4898
4887
4895
4899
4890
4893
4890
4906
4904
4917
4920
4924
4912
4919
4914
4919
4920
4920
4920
4929
4942
4943
4953
4943
4940
4943
4927
4930
4920
4935
4932.5
4938
4938
4955
4950
4941
4925
4919
4912
4897
4900
4898
4896
4887
4880
4884
4873
4867
4869
4870
4878
4877
4880
4880
4883
4876
4878
4878
4879
4869
4857
4858
4864
4863
4865
4865
4857
4850
4848
4838
4813
4814
4817
4820
4824
4823
4819
4816
4820
4820
4817
4813
4809
4805
4807
4808
4808
4808
4804
4808
4815
4817
4815
4820
4803
4789
4787
4813
4825
4843.5
4835
4837
4840
4802
4802
4818
4840
4870
4866
4856
4860
4857
4854
4855
4855
4860
4862
4869
4878
4880
4874
4879
4880
4876
4874
4872
4874
4875
4884
4892
4898
4902
4905
4921
4901
4902
4900
4902
4938
4928
4923
4920
4927
4918
4912
4902
4914
4916
4914
4908
4915
4917
4912
4913
4917
4914
4912
4914
4915
4913
4910
4910
4919
4930
4955
4985
4995
5015
5012
5000
5000
5006
5010
5076
5060
5070
5047
5047
5023
5028
5032
5025
5025
5009
5004
5015
5017
5026
5029
5028
5024
5024
5023
5022
5014
5007
5004
5024
5019
5010
5004
4999
4992
4997
4995
4995
5005
5010
4970
4979
4975
4991
5000
4997
4990
4994
5009
5018
5016
5004
5002
4997
4991
4994
4996
4993
4996
4995
4997
4990
4992
4992
4993
4996
4998
5012
5020
5013
5015
5022
5024
5018
5012
5029
5028
5021
5026
5026
5026
5024
5025
5027
5021
5023
5022
5023
5022
5023
5032
5036
5030
5033
5055
5065
5055
5061
5055
5054
5059
5050
5030
5020
5013
5013
5002
4995
4985
4995
5016
5020
5016
5005
4997
5013
5005
5001
5000
4996
4986
4987
4987
4983
4983
4982
4981
4978
4978
4975
4981
4980
4982
4992
5001
4998
5000
4995
4982
4988
4987
4981
4977
4980
4986.5
4984
4969
4967
4972
4968
4967
4961
4966
4971
4968
4960
4955
4937
4932
4939
4938
4939
4939
4941
4942
4933
4935
4932
4937
4936
4935
4934
4943
4940
4950
4953
4953
4955
4962
4959
4970
4962
4968
4960
4966
4965
4963
4964
4955
4950
4941
4942
4941
4940
4940
4943
4938
4931
4927
4922
4924
4930
4937
4931
4927
4929
4919
4917
4913
4915
4911
4896
4898
4897
4897
4870
4862
4870
4874
4877
4868
4856
4863
4861
4867
4866
4862
4870
4871
4870
4869
4869
4881
4885
4882
4865
4858
4858
4857
4855
4855.5
4851
4859
4865
4860
4852
4848
4845
4850
4853
4878
4878
4865
4867
4876
4873
4871
4861
4864
4863
4865
4854
4840
4840
4841
4838
4824
4822
4823
4840
4869
4894
4900
4894
4896
4887
4884
4864
4856
4847
4837
4840
4855
4852
4863
4889
4882
4879
4890
4880
4882
4864
4867
4868
4868
4874
4873
4874
4879
4879.5
4880
4877
4883
4888
4886
4878
4884
4887
4879
4881
4885
4904
4909
4913
4915
4916
4916
4917
4909
4913
4900
4891
4886
4880
4885
4895
4903
4907
4916
4918
4928
4922
4917
4919
4916
4916.5
4929
4932
4930
4950
4955
4954
4959
4963
4978
4992
4985
4986
5003
5015
5012
5019
5022
5021
5020
5050
5055
5049
5035
5030
5038
5022
5015
5024
5024
5044
5042
5020
5021
5016
5020
5022
5014
5015
5025
5036
5047
5046
5048
5048
5046
5062
5048
5037
5036
5045
5035
5045
5041
5050
5040
5054
5035
5029
5026
5015
5018
5032
5030
5029
5037
5037
5037
5040
5061
5070
5068
5079
5081
5084
5068
5061
5066
5075
5077
5081
5099
5087
5087
5084
5078
5076
5085
5094
5091
5152
5122
5119
5097
5118
5118
5107
5110
5116
5115
5141
5126
5116
5127
5124
5116
5116
5107
5119
5120
5117
5111
5099
5097
5101
5097
5108
5121
5125
5106
5107
5111
5119
5113.5
5118
5133
5155
5154
5177
5176
5173
5171
5163
5164
5161
5153
5160
5153
5165
5172
5180
5187
5175
5167
5169
5165
5165
5160
5160
5154
5162
5163
5156
5172
5175
5174
5182
5178
5176
5168
5187
5176
5146
5154
5150
5141
5129
5122
5128
5127
5124
5114
5108
5108
5114
5113
5105
5105
5097
5090
5100
5106
5109
5105
5105
5116
5116
5115
5102
5103
5120
5118
5115
5119.5
5118
5121
5112
5111
5105
5104
5103
5100
5095
5108
5124
5122
5126
5127
5139
5140
5135
5119
5122
5122
5122
5128
5131
5129
5129
5130
5127
5136
5138
5151
5172
5170
5173
5170
5167
5167
5158
5147
5150
5138
5144
5138
5132
5141
5136
5138
5139
5151
5148
5145
5140
5141
5148
5148
5150
5154
5142
5136
5130
5132
5141
5154
5161
5149
5145
5150
5142
5149
5146
5148
5150
5225
5225
5220
5248
5255
5246
5263
5290
5286
5282
5280
5290
5289
5273
5285
5308
5314
5305
5305
5320
5332
5335
5338
5325
5316
5315
5325
5327
5324
5323
5336
5339
5327
5330
5349
5353
5307
5330
5345
5330
5322
5310
5309
5315
5306
5294
5302
5305
5297
5295
5292
5300
5299
5301
5302
5305
5303
5302
5313
5308
5302
5300
5321
5323
5319
5309
5310
5310
5307
5310
5332
5325
5313
5301
5307
5312
5312
5322
5338
5336
5327
5324
5338
5340
5343
5347
5350
5360
5354
5349
5345
5340
5333
5324
5317
5328
5334
5339
5324
5330
5330
5333
5340
5341
5339
5343
5347
5348
5328
5322
5334
5334
5344
5351
5368
5362
5360
5364
5359
5355
5352
5356
5362
5364
5370
5370
5374
5368
5381
5381
5386
5406
5410
5417
5422
5428
5397
5402
5401
5408
5440
5427
5426
5427
5424
5437
5435
5429
5427
5421
5420
5413
5405
5398
5399
5400
5403
5387
5380
5385
5385
5377
5376
5376
5391
5386
5373
5380
5370
5376
5388
5383
5380
5389
5380
5410
5390
5388
5385
5402
5408
5397
5393
5380
5365
5356
5358
5359
5348
5350
5342
5342
5337
5339
5375
5435
5430
5426
5425
5432
5430
5416
5435
5428
5420
5408
5404
5400
5400
5400
5368
5366
5360
5348
5350
5350
5355
5348
5348
5349
5347
5354
5353
5352
5350
5345
5349
5354
5365
5374
5374
5373
5373
5372
5373
5378
5376
5363
5352
5388
5377
5384
5378
5380
5380
5400
5397
5414
5412
5408
5441
5430
5424
5422
5422
5423
5414
5408
5404
5409
5414
5402
5403
5400
5393
5390
5376
5371
5373
5375
5365
5348
5364
5369
5388
5388
5400
5406
5408
5409
5424
5422
5407
5409
5419
5438
5430
5422
5431
5432
5440
5450
5444
5435
5440
5438
5428
5431
5434
5434
5433
5430
5431
5425
5420
5415
5382
5345
5316
5318
5308
5310
5301
5295
5298
5300
5293
5273
5292
5297
5294
5316
5318
5306
5304
5301
5314
5319
5324
5328
5328
5298
5260
5274
5274
5270
5263
5263
5242
5234
5247
5263
5272
5269
5282
5279
5274
5272
5278
5284
5288
5263
5246
5247
5255
5252
5260
5255
5254
5259
5265
5262
5275
5283
5274
5269
5270
5272
5280
5285
5270
5248
5245
5242
5241
5267
5279
5294
5294
5300
5308
5310
5315
5314
5309
5392
5388
5380
5385
5412
5396
5380
5370
5363
5370
5374
5375
5372
5360
5361
5360
5365
5362
5360
5360
5361
5357
5359
5358
5373
5372
5377
5375
5362
5367
5361
5349
5355
5351
5355
5353
5338
5347
5353
5345
5348
5349
5345
5345
5341
5346
5349
5350
5349
5360
5362
5366
5374
5380
5372
5373
5365
5364
5367
5376
5368
5359
5353
5351
5353
5351
5346
5345
5345
5341
5321
5313
5315
5325
5322
5312
5308
5307
5303
5312
5312
5307
5308
5306
5302
5299
5292
5289
5292
5292
5270
5272
5274
5279
5280
5293
5299
5309
5306
5320
5329
5326
5326
5324
5320
5345
5340
5350
5347
5347
5340
5328
5330
5330
5323
5331
5331
5326
5322
5327
5325
5330
5323
5323
5370
5365
5356
5352
5353
5358
5360
5362
5360
5369
5379
5390
5377
5375
5376
5374
5340
5330
5335
5332
5333
5333
5325
5320
5322
5327
5330
5326
5327
5340
5339
5342
5346
5344
5342
5343
5337
5329
5332
5326
5343
5343
5343
5343
5343
5343
5343
5343
5343
5343
5343
5250
5234
5238
5236
5245
5249
5257
5254
5262
5249
5247
5262
5269
5259
5257
5269
5268
5270
5272
5275
5268
5268
5275
5272
5271
5248
5262
5260
5257
5252
5255
5256
5253
5253
5251
5279
5275
5274
5277
5270
5272
5277
5275
5289
5282
5284
5277
5277
5276
5283
5288
5296
5294
5287
5285
5279
5277
5280
5284
5284
5278
5283
5283
5280
5278
5266
5268
5270
5280
5280
5305
5298
5300
5306
5296
5284
5279
5277
5272
5255
5241
5247
5247
5244
5230
5225
5220
5220
5217
5217
5219
5218
5223
5226
5212
5203
5187
5177
5179
5178
5172
5170
5162
5164
5157
5100
5055
5070
5080
5078
5080
5068
5058
5064
5063
5053
5047
5042
5044
5041
5027
5020
5017
5013
5007
5003
4995
4992
4994
5028
5040
5031
5034
5070
5065
5019
5025
5035
5040
5033
5085
5078
5070
5080
5097
5125
5130
5123
5121
5135.5
5143
5146
5148
5141
5145
5143
5148
5149
5143
5130
5123
5127
5128
5122
5123
5100
5106
5087
5075
5046
5008
4996
4968
4968
4964
4955
4955
4955
4955
4955
4948
4952
4948
4940
4925
4928
4939
4935
4928
4925
4929
4926
4923
4915
4913
4908
4905
4916
4922
4940
4940
4930
4940
4945
4970
4954
4936
4932
4907
4884
4510
4450
4460
4459
4500
4520
4525
4550
4565
4610
4655
4642
4636
4550
4545
4538
4538
4585
4570
4540
4530
4520
4510
4486
4540
4547
4595
4725
4755
4740
4760
4770
4759
4752
4770
4945
4930
4885
4895
4880
4885
4899
4890
4899
4900
4915
4929
4937
4942
4937
4948
4938
4910
4895
4912
4900
4890
4884
4890
4920
4910
4903
4930
4940
4945
4950
4950
4925.5
4903.5
4908
4870
4840
4845
4840
4839
4835
4819
4820
4815
4814
4808
4808
4815
4809
4825
4819
4815
4802
4806
4790
4784
4774
4758
4785
4795
4804
4810
4800
4820
4823
4804
4820
4822
4840
4837
4840
4838
4824
4838
4853
4846
4840
4828
4831
4825
4810
4808
4808
4816
4818
4818
4817
4823
4820
4825
4860
4885
4891
4888
4890
4882
4870
4874
4873
4875
4868
4859
4858
4866
4890
4960
4945
4940
4934
4932
4935
4929
4932
4928
4932
4940
4947
4952
4965
4960
4965
4977
4980
4971
4975
4969
4966
4962
4964
4966
4970
4958
4954
4954
4960
4966
4975
4985
4980
4980
4948
4954
4970
4967
4945
4942
4949
4952
4941
4938
4941
4935
4935
4925
4925
4925
4927
4927
4927
4922
4927
4925
4927
4934
4947
4940
4929
4927
4923
4926
4917
4924
4925
4925
4930
4966
4957
4958
4974
4980
4979
4978
4975
4987
4980
4978
4973
4973
4974
4980
4980
4978
4983
4978
4971
4965
4955
4942
4943
4943
4925
4912
4903
4905
4917
4932
4931
4925
4926
4955
4932
4942
4935
4930
4930
4926
4925
4928
4929
4927
4926
4927
4937
4935
4915
4910
4914
4912
4906
4907
4913
4908
4895
4898
4894
4885
4895
4890
4910
4913
4904
4906.5
4905
4907
4910
4850
4831
4837
4835
4827
4815
4814
4804
4806
4806
4805
4800
4797
4794
4794
4790
4790
4790
4792
4786
4762
4767
4769
4762
4753
4748
4755
4758
4782
4792
4784
4769
4769
4766
4760
4842
4832
4828
4820
4822
4825
4845
4850
4835
4834
4836
4842
4842
4838
4845
4840
4842
4850
4858
4860
4845
4830
4834
4836
4830
4845
4837
4842
4821
4821
4815
4816
4820
4820
4816
4830
4800
4798
4810
4797
4805
4818
4819
4817
4815
4810
4815
4816
4820
4821
4831
4836
4838
4842
4840
4829
4826
4813
4820
4827
4818
4819
4826
4817
4823
4823
4823
4823
4830
4830
4766
4760
4752
4750
4752
4735
4725
4716
4728
4725
4722
4718
4725
4729
4727
4720
4723
4718
4718
4714
4714
4712
4725
4735
4741
4748
4748
4748
4750
4752
4752
4752
4766
4769
4763
4780
4774
4775
4765
4758
4768
4766
4774
4770
4766
4763
4766
4764
4760
4766
4765
4765
4768
4764
4770
4768
4764
4760
4759
4756
4754
4754
4755
4756
4746
4737
4725
4723
4733
4740
4778
4815
4825
4830
4830
4813
4810
4807
4807
4803
4804
4801
4800
4800
4797
4796
4797
4795
4790
4812
4808
4793
4792
4794
4800
4808
4802
4784
4783
4770
4772
4780
4770
4782
4797
4990
4914
4898
4888
4885
4876
4885
4887
4883
4883
4884
4888
4888
4888
4892
4891
4888
4875
4872
4870
4880
4884
4878
4874
4872
4860
4864
4890
4891
4900
4905
4915
4919
4920
4926
4893
4888
4881
4878
4873
4874
4871
4871
4865
4865
4868
4872
4871
4869
4868
4867
4872
4873
4879
4886
4890
4872
4873
4870
4870
4860
4860
4869
4870
4874
4871
4869
4865
4860
4860
4828
4834
4825
4821
4821
4827
4827
4825
4835
4834
4842
4836
4833
4826
4824
4826
4826
4820
4815
4817
4816
4825
4833
4840
4849
4848
4837
4854
4858
4868
4874
4882
4882
4882
4879.5
4904
4912
4913
4907
4907
4903
4900
4899
4896
4896
4893
4891
4893
4894
4894
4912
4918
4928
4933
4927
4927
4934
4941
4938
4949
4950
4945
4946
4944
4933
4930
4950
4953.5
4955
4966
4990
4998
4995
4990
4989
4992
4978
4980
4978
4969
4964
4955
4964
4965
4977
4972
4979
4985
4996
4995
4996
4995
4992
4987
4987
4984
4999
4993
4998
5008
5011
5018
5013
5015
5015
4972
4968
4963
4963
4947
4937
4936
4935
4928
4923
4925
4922
4921
4928
4940
4934
4936
4940
4940
4936
4939
4938
4938
4937
4945
4944
4937
4927
4932
4930
4929
4928
4920
4916
4908
4938
4945
4938
4934
4933
4934
4925
4920
4918
4917
4907
4910
4900
4900
4890
4892
4884
4888
4897
4907
4900
4899
4894
4903
4916
4910
4912
4902
4902
4902
4885
4887
4888
4877
4874
4924
4925
4922
4940
4928
4931
4925
4925
4923
4924
4921
4919
4916
4917
4916
4917
4920
4917
4925
4927
4928
4928
4937
4934
4936
4933
4930
4929
4919
4897
4905
4910
4922
4925
4922
4941
4933
4925
4925
4929
4934
4935
4930
4929
4928
4925
4925
4924
4922
4922
4928
4931
4931
4930
4930
4930
4925
4930
4928
4925
4915
4920
4920
4915
4908
4909
4900
4900
4905
4905
4898
4885
4885
4890
4884
4888
4883
4883
4883
4885
4886
4885
4886
4882
4883
4884
4885
4884
4884
4885
4885
4885
4884
4884
4884
4880
4885
4890
4888
4891
4880
4862.5
4868
4872
4870
4945
4926
4922
4918
4923
4920
4922
4924
4929
4928
4923
4920
4913
4910
4914
4914
4915
4914
4915
4910
4905
4897
4905
4899
4892
4897
4906
4916
4933
4960
4952
4965
4970
4974
4979
5001
4999
4992
4986
4977
4977
4973
4973
4964
4962
4960
4958
4965
4970
4970
4972
4968
4972
4974
4981
4980
4972
4973
4975
4974
4975
4983
4998
4996
4996
5012
5014
5015
5015
5016
5029
5002
4993
4990
4982
4986
4991
4986
4993
4992
4992
4993
4992
4995
4990
4988
4988
4987
4997
5006
5006
5004
5003
4996
4997
5001
5000
4992
4998
4996
4997
4990
4984
4981
4980
5051
5076
5085
5083
5077
5079
5078
5075
5082
5080
5081
5079
5078
5079
5091
5088
5089
5090
5086
5088
5083.5
5093
5097
5095
5088
5080
5080
5084
5081
5083
5102
5110
5108
5109
5109
5102
5107
5104
5115
5115
5125
5122
5121
5124
5129
5146
5152
5163
5172
5161
5163
5154
5155
5158
5163
5114
5126
5117
5116
5116
5155
5163
5165
5159
5197
5205
5198
5205
5199
5200
5230
5240
5235
5242
5240
5227
5228
5226
5229
5230
5228
5229
5235
5246
5241
5240
5238
5232
5230
5232
5231.5
5231
5231
5235
5228
5225
5229
5230
5223
5223
5224
5220
5208
5215.5
5212
5205
5192
5199
5210
5200
5205
5206
5215
5218
5213
5210
5218
5218
5216
5215
5210
5208
5207
5207
5203
5204
5202
5196
5190
5180
5185
5184
5177
5174
5178
5181
5184
5190
5189
5188
5165
5149
5144
5148
5147
5148
5148
5144
5139
5143
5142
5141
5136
5130
5133
5133
5133
5125
5128
5129
5124
5125
5126
5122
5120
5124
5128
5125
5132
5135
5145
5137
5127
5119
5117
5090
5063
5065
5077
5071
5070
5087
5086
5073
5074
5075
5073
5069
5075
5074
5072
5068
5069
5063
5082
5078
5047
5056
5060
5060
5045
5051
5069
5067
5053
5041
5050
5035
5028
5005
5065
5067
5075
5072
5069
5078
5087
5077
5069
5067
5063
5064
5069
5070
5071
5070
5065
5066
5068
5075
5075
5076
5065
5069
5077
5070
5072
5070
5064
5065
5066
5051
5042
5043
5030
5074
5074
5079
5087
5101
5116
5128
5126
5124
5123
5132
5128
5120
5112
5109
5108
5109
5111
5110
5102
5095
5098
5103
5108
5120
5115
5109
5120
5133
5134
5133
5135
5127
5131
5133
5175
5169
5169
5179
5171
5171
5162
5167
5169
5170
5180
5175
5176
5174
5175
5173
5171
5180
5185
5189
5184
5182
5181
5180
5182
5187
5202
5206
5214
5230
5224
5216
5215
5216
5218
5255
5262
5263
5265
5252
5257
5245
5230
5232
5230
5226
5229
5217
5214
5201
5207
5205
5215
5221
5216
5214
5214
5215
5227
5225
5217
5202
5210
5199
5196
5207
5220
5215
5218.5
5223
5234
5236
5228
5222
5203
5190
5187
5193
5197
5205
5204
5195
5194
5199.5
5208
5202
5198
5203
5204
5200
5200
5199
5193
5194
5185
5178
5177
5177
5176
5185
5188
5178.5
5184
5179
5175
