23.8
26.1
27
27.9
28.7
31.5
32
31.2
29.9
31.5
34.6
34.6
33.9
32.2
35.4
37.9
35.2
37
35
34.1
33.9
34.5
34.9
35.1
38.1
39.7
39.4
39
39.5
38.4
34.6
32.5
34.9
36.1
33.7
37
34.9
34.8
33.8
34.2
35.2
36.1
36.5
37.5
38.1
38
38
37.8
36.1
34.6
35.3
36.5
36.5
37.2
38.4
38.6
37.8
37.9
38.6
38.8
37.1
36.9
37.5
37.4
38
37
36
36.5
36.1
37.5
38
36.5
36
35.9
35.6
35
35
35.9
32.6
34.3
34.2
34.2
33.2
33.2
33.6
33.1
33
33.5
34.2
34.8
34.2
33.6
33.6
32.5
32
32.5
32.5
32.4
32.4
31.9
32
32
32.6
33.2
33.8
34.2
35
36
36.8
36.2
37
36.9
35.8
34.8
34
34
33.6
33.2
33.1
33.3
33.3
33.2
33.6
33.5
33
32.5
32.5
31.5
31
30.6
30.1
29.7
30.3
30.7
30.9
30.3
29.9
30.2
30.6
30.6
31.3
31
30.4
30.4
30.7
32
32
32
32
31.1
30.4
30.1
30.7
30.7
30.7
31
29
28.8
29.5
29.1
28.9
28.6
28.6
28.6
28.9
28.6
29.6
30
30
29.6
28.4
29
29.7
29.2
29.3
28.8
29
29.2
28.2
27.5
27.6
27.6
28.1
28.4
29
29.2
30
32
31.8
32.6
31.5
32.2
32
32
32
32
31.2
31
31.2
30.8
31
31
31
31
32.2
32.9
32.1
31.6
31
30.6
30.4
30.7
31.9
33.4
32.1
32.6
32.4
33.4
34.3
35.1
36.5
40.1
40
40
41.5
42
43.3
41.5
42.2
42
41.7
40
41
40
39.5
39.8
39.5
41
42.5
46.7
45.1
44.9
42.5
41.9
41.3
42.5
41.3
41.5
42
42
42.2
42.6
43.5
42.8
43.2
43.5
43
43.6
45
45.6
46.5
47.2
49.1
51
50
52
51.5
51.5
51.5
54
56.5
60
58
58
60
60
59
60
60
63.5
63.5
62
61
57.5
57
55
54.5
53.5
54.5
54.5
54.5
54
55
58.5
58
59.5
59
58.5
58.5
60
58.5
58
55.5
58
57
56
57.5
56
56.5
56.5
57
58.5
58.5
57
57
57
55.5
56
57
55.5
54
53
52
52.5
53
53.5
54.5
55
57
58
59
57
56.5
57
58
57.5
57.5
58
58
59
59
60
61.5
62
63
66
66
68.5
66
66.5
66
67
67.5
67.5
68.5
67
67.5
68.5
69.5
68.5
68.5
70.5
73.5
78.5
78.5
78
78.5
78
76.5
77
74.5
80
84
87
88
86
88
86.5
87.5
88
88
86
87.5
87
85.5
85.5
85
83
81
81
79
78
76
74
78.5
82
81
79.5
81.5
83
82.5
82
81.5
81
83
83
79
77
77
76
77
77.5
76.5
76
77
76
76
75
75
74
72
72
73
75
77
78.5
80
80
80
83
85.5
85.5
84.5
85
86
87.5
86.5
87
90.5
95
104.5
114.5
115.5
117
111
122
121
121
118
124
126
125
125
121
118
115
125
121
130
130
130
133
129
129
127
126
123
121
121.5
122.5
126
129
132
132
125
120
116
117.5
120
126.5
130
130
130
130
127
114.5
113
115
114
113
115
116
115
116
120
111
111
106
103
103
107
105.5
106.5
107
105
107
109
111
114
117
117
125
123
120
115
118
123
126.5
130
127.5
127.5
127.5
126.5
126
125
125
127
127
127
125
121
116
111
112
115
114
115
117
116
116
116
115
118
118
125
125
125.5
123
123
121
123
111
115.5
114.5
113
120
122
123
115
107
110
112
112
114
114
112
110
110
105
106
105
102
101.5
101
101
100
95.5
95
95
95
100
101
103
106
115.5
121
121
120
120.5
118
117
111
114
114
114
118
114.5
115
117
118
113
120
119
118
115
118
118
116
115
115
116
120
118
115
115
113.5
114.5
118
118
114
113.5
112
105
105
108
109
110.5
112
113.5
113
115
115
115
115
118
118
116
116.5
115
113
112
101
106
102
102
104
100
98
98
99
97
97
98
102
106
105
105
107.5
105
107
105
107
107
108
110
112
112
103
111.5
105.5
106
102
101
102
103.5
104
104
102
100
99.5
100.5
101.5
101
99.5
99
98
98
97
90
89
89
86
85
87
86
89
90
95
94.5
93.5
92.5
92.5
91.5
91.5
93
94
93
93
94.5
96.5
104
104
99.5
100
100.5
101
101
96
94.5
89
91
97.5
97.5
96.5
95.5
94.5
94
93
98
98
100
98
98
96.5
95
93.5
94
95
95
94
93.5
93.5
90.5
90
90
88.5
88.5
88.5
88
89.5
89
87
89
89
89.5
89.5
89.5
91.5
93
99
89.5
88.5
88
88.5
88.5
88
87
85
84
85
84
82
81
78
80
77.5
76
80
79
78
74
67
65
64
61
57
59.5
62
63
66
65
62
63
62
66
69
62.5
62.5
66
66
65
64
62
60.5
60
60
60
60.5
61.5
55.5
58
58
58
59.5
61
60
60.5
59.5
61
57.5
57
57.5
60
57
59
59
60.5
59.5
60
54
57
55
55.5
54
53
51.5
50
48.5
50
50
49.4
48
46
45
45
40.5
36.5
32.9
29.7
31.4
30.8
31
32.1
35.3
36.4
38.1
37.9
39.5
39.9
40
39.2
37.9
36.4
37.4
39.2
39
38
37.5
36.5
34.7
32
32
31.6
30
30
29
30
31.7
30.5
31.3
32
33.9
36
34.5
35.5
36
36.1
35
33.2
32.5
32
28.8
31.6
34.7
35.3
38.7
38
38
37.2
37.1
38
41.8
42.8
42
42
41.5
42
42
40.5
40.4
40.2
39
39.9
39.5
40
39.5
40.8
41.6
42
43.2
41
40.8
40.8
41
43.2
44.6
47
49
50
50
49
46.5
50
52.5
56
58
63.5
61
63
61
59
56
50.5
55.5
55
57
59
56
51
56
61.5
62.5
65
65
64
65
69
65.5
64
63
58
59
60
59.5
61.5
60
57
60.5
60.5
58
58
56
56
57
56
57.5
56
55.5
56.5
57.5
57
56.5
57.5
57.5
56.5
56.5
56.5
57
59
58
56
50.5
55
54
55
58
56
56
57
56
56
53.5
54
53.5
53
52
53
53
52
53
52.5
53.5
53
52.5
51.5
51.5
51.5
51.5
50.5
51
50
50
49
48.8
49.2
48.2
48.2
49.5
51
52
51
48.9
49
50
49
48.3
48.8
48.8
50
49.8
50
54
55
55.5
54
53
53
53
55
56.5
55
56
57
59
58.5
57
56.5
56.5
58.5
61.5
63
60.5
59.5
62
60.5
60
60.5
60
58
55
54
55.5
54.5
56
55.5
58.5
59.5
62
66
71
69.5
68
71
70
70
69
70
69.5
70
67.5
66
65
64
66.5
66.5
65
68
67.5
69
68.5
68.5
68
66.5
69
68.5
67
66.5
66.5
66.5
65.5
64
62
64.5
64
62.5
62
60.5
56
55
56
56
57
60
59.4
59
59
60.5
60.5
60.5
61
60.1
60.5
61.5
60
60
61
63
63.1
64.1
63.6
62.8
62.8
63
62.7
61.9
61.6
60.9
58
58.4
58.6
58
59
62.1
63
66.5
68
67
66
66
66
64
62.8
64
64.6
64
65
68.5
69.6
71.6
71.9
71.5
71
71.2
71.5
71.9
71.5
71
71
72.2
73.1
72.5
73.9
75
75.6
79.5
85.5
83.9
81.5
80.4
79
79.8
78.2
80
79.8
82.1
84
85
82.3
80.8
82
82.8
80
82
83.2
83.6
90
89
86.5
88.5
80.5
81
79
80.9
81
79.5
80.5
79
79.5
78.5
74.9
71.5
68
71.4
78
76
73.9
76
78.5
80
80
78.6
76
74.6
73.5
76
78
77.5
78
78.2
78.3
78.6
81
79.5
76.9
76.1
75.5
74.6
75.2
76
76.7
77
77
76
77
75.5
77
70
74
75.5
73.9
74.5
74.6
74
73
73.5
72
72
72
72.5
72
73.6
72.5
73
72
73.4
66.1
67
66
64
67.8
66
66
67.5
68.9
69.8
69.8
68.9
67.5
68
67
67
68
68
68.5
69.5
69.4
70
69
69
69.5
69
69.4
68
67
69
68
69
68.6
70
70
70
68
69.5
69.4
69.5
68.8
68
68.9
69.5
69
66.8
68.4
67.8
68.2
67
68
66
65
62
62.5
63
61
61
63
61
58.1
60
62
63
60
61
58.3
57.8
59.4
58.8
57.5
57.4
59.5
61
58.8
58.5
58.5
59
59.8
58.8
56.8
57.4
57.8
57.8
59.1
58.1
58.5
58.4
54.5
56
56
51.1
52
51.3
53
52.6
51.2
52.4
52.3
