0.84700000
0.84920000
0.85070000
0.84840000
0.85030000
0.84880000
0.85090000
0.85500000
0.85450000
0.85790000
0.85930000
0.85930000
0.85880000
0.85920000
0.85570000
0.85400000
0.85700000
0.85700000
0.85700000
0.85350000
0.84720000
0.84770000
0.85190000
0.85730000
0.85860000
0.86410000
0.86450000
0.86440000
0.86960000
0.85560000
0.85800000
0.85760000
0.86540000
0.86450000
0.86260000
0.86190000
0.86420000
0.86390000
0.86180000
0.86360000
0.86360000
0.86300000
0.86430000
0.86840000
0.87630000
0.87830000
0.88030000
0.87490000
0.88140000
0.88340000
0.88220000
0.88650000
0.88440000
0.88730000
0.88680000
0.88940000
0.88370000
0.88340000
0.88390000
0.88950000
0.88480000
0.88530000
0.88960000
0.89410000
0.89020000
0.88970000
0.89530000
0.90560000
0.90650000
0.90810000
0.90990000
0.91020000
0.90630000
0.90840000
0.90730000
0.90600000
0.91050000
0.91870000
0.91660000
0.92130000
0.92320000
0.92320000
0.92380000
0.91840000
0.91950000
0.91340000
0.91770000
0.91490000
0.91740000
0.91780000
0.91410000
0.91980000
0.91070000
0.90830000
0.91530000
0.91800000
0.91840000
0.91940000
0.91800000
0.91560000
0.91860000
0.92440000
0.92890000
0.93050000
0.93080000
0.93220000
0.93160000
0.92870000
0.92820000
0.92350000
0.92680000
0.93000000
0.93210000
0.92670000
0.92540000
0.92770000
0.92380000
0.92490000
0.92200000
0.92660000
0.92580000
0.92710000
0.93670000
0.93470000
0.93520000
0.93980000
0.93890000
0.94270000
0.94300000
0.93980000
0.94260000
0.94270000
0.94240000
0.94050000
0.93740000
0.94280000
0.94400000
0.94530000
0.94630000
0.94480000
0.94530000
0.93800000
0.92590000
0.92700000
0.92970000
0.93010000
0.93140000
0.93010000
0.93790000
0.93970000
0.93760000
0.93750000
0.93840000
0.93760000
0.93570000
0.93980000
0.93970000
0.94430000
0.94550000
0.94590000
0.94560000
0.94150000
0.94750000
0.95680000
0.95630000
0.95880000
0.95740000
0.95630000
0.95880000
0.96490000
0.96490000
0.97020000
0.96400000
0.96370000
0.97170000
0.96280000
0.95620000
0.95470000
0.95270000
0.95130000
0.95220000
0.95690000
0.96170000
0.96630000
0.96790000
0.96880000
0.96110000
0.96180000
0.96570000
0.96810000
0.96980000
0.96700000
0.95710000
0.95870000
0.95960000
0.96210000
0.96640000
0.96850000
0.96740000
0.97720000
0.97610000
0.97610000
0.97760000
0.97890000
0.97750000
0.98160000
0.98060000
0.98060000
0.98180000
0.98640000
0.98390000
0.98320000
0.97870000
0.98020000
0.98060000
0.97970000
0.98570000
0.96390000
0.95590000
0.95240000
0.95230000
0.94990000
0.94950000
0.93910000
0.94060000
0.94180000
0.93600000
0.93510000
0.93380000
0.93340000
0.93760000
0.93850000
0.92880000
0.92710000
0.93090000
0.93460000
0.93320000
0.93520000
0.93150000
0.93620000
0.94020000
0.93760000
0.94620000
0.94630000
0.94590000
0.95070000
0.94950000
0.94980000
0.93770000
0.93690000
0.93740000
0.94060000
0.95190000
0.95730000
0.95770000
0.95650000
0.94910000
0.95450000
0.95660000
0.94870000
0.94270000
0.93790000
0.93610000
0.94250000
0.94560000
0.94400000
0.94670000
0.94340000
0.94420000
0.95080000
0.96500000
0.96540000
0.96520000
0.96500000
0.96590000
0.96180000
0.96240000
0.95960000
0.96050000
0.96030000
0.96000000
0.95190000
0.95770000
0.95480000
0.95900000
0.95860000
0.95750000
0.95430000
0.94790000
0.93890000
0.93260000
0.93330000
0.93320000
0.93320000
0.93550000
0.93230000
0.93360000
0.93760000
0.94070000
0.94140000
0.94070000
0.93770000
0.92860000
0.92770000
0.92060000
0.91870000
0.91790000
0.92040000
0.92440000
0.92760000
0.92780000
0.92790000
0.92910000
0.93500000
0.93670000
0.94050000
0.94590000
0.95120000
0.95150000
0.94290000
0.94760000
0.94830000
0.95100000
0.95260000
0.95400000
0.96250000
0.96250000
0.95760000
0.96110000
0.96140000
0.96100000
0.96040000
0.96530000
0.96950000
0.96870000
0.96970000
0.96760000
0.96110000
0.96180000
0.97040000
0.97180000
0.97080000
0.96970000
0.96970000
0.97740000
0.98130000
0.98640000
0.98330000
0.98500000
0.98910000
0.99160000
0.99080000
0.99410000
0.99860000
0.99800000
0.99750000
0.98530000
0.97800000
0.97580000
0.97910000
0.98530000
0.98690000
0.98710000
0.98770000
0.99400000
0.99650000
0.98580000
0.97890000
0.99260000
0.99200000
0.99190000
0.99060000
0.99210000
0.99090000
0.98690000
0.98670000
0.98770000
0.98740000
0.98740000
0.99330000
0.99590000
0.99590000
0.99300000
0.99450000
0.99460000
0.97510000
0.97030000
0.96910000
0.96970000
0.97190000
0.97130000
0.97180000
0.97550000
0.96790000
0.97040000
0.97530000
0.98600000
0.98660000
0.98620000
0.98890000
0.98710000
0.98790000
0.98310000
0.99120000
0.99120000
0.99120000
0.99370000
0.99890000
0.99840000
1.01220000
1.02420000
1.02350000
1.02350000
1.03080000
1.02900000
1.02460000
1.00990000
1.01790000
1.01650000
1.01640000
1.02040000
1.01400000
1.00700000
1.01580000
1.01220000
1.01220000
1.01400000
1.02090000
1.01910000
1.01420000
1.01240000
1.01510000
1.01460000
1.01560000
1.01300000
0.99700000
0.99710000
1.00730000
1.02630000
1.02630000
1.02630000
1.02900000
1.03650000
1.02800000
1.03690000
1.04250000
1.04120000
1.04370000
1.04300000
1.04270000
1.04070000
1.03500000
1.03770000
1.03770000
1.03910000
1.03730000
1.03360000
1.03320000
1.02950000
1.02920000
1.02920000
1.02840000
1.02770000
1.03700000
1.04120000
1.02950000
1.02350000
1.02350000
1.02380000
1.03600000
1.04040000
1.05210000
1.04060000
1.04720000
1.04690000
1.04650000
1.04450000
1.03960000
1.03790000
1.04360000
1.04790000
1.04790000
1.04700000
1.03940000
1.04290000
1.04390000
1.04780000
1.04120000
1.04060000
1.04030000
1.05010000
1.05630000
1.06310000
1.06570000
1.06590000
1.06490000
1.06370000
1.06580000
1.08610000
1.08290000
1.09970000
1.09750000
1.09690000
1.09750000
1.09220000
1.10080000
1.11740000
1.12330000
1.11410000
1.11450000
1.11500000
1.11320000
1.10220000
1.10300000
1.10960000
1.08810000
1.08770000
1.08830000
1.09760000
1.10890000
1.11830000
1.11920000
1.11260000
1.11510000
1.11590000
1.10790000
1.10320000
1.10460000
1.09670000
1.07430000
1.06960000
1.06690000
1.07920000
1.07580000
1.06700000
1.07370000
1.05970000
1.05630000
1.05730000
1.05490000
1.04840000
1.04000000
1.04560000
1.04950000
1.04910000
1.04930000
1.04960000
1.04130000
1.04430000
1.04870000
1.03560000
1.03640000
1.03790000
1.04440000
1.04560000
1.05750000
1.06730000
1.06840000
1.06850000
1.06830000
1.06760000
1.05740000
1.06100000
1.05120000
1.04910000
1.04910000
1.05070000
1.05190000
1.05110000
1.04990000
1.05190000
1.05600000
1.05400000
1.05550000
1.04690000
1.04980000
1.06150000
1.06710000
1.06670000
1.06680000
1.06600000
1.06840000
1.08010000
1.08200000
1.07190000
1.06720000
1.06860000
1.06770000
1.07220000
1.06610000
1.06180000
1.07240000
1.08300000
1.08320000
1.08290000
1.07870000
1.09420000
1.09490000
1.10350000
1.10230000
1.10250000
1.10200000
1.10090000
1.10920000
1.11200000
1.10140000
1.10790000
1.10800000
1.10680000
1.10460000
1.09550000
1.09320000
1.09060000
1.10360000
1.10270000
1.10270000
1.10950000
1.11500000
1.11170000
1.10780000
1.10930000
1.10740000
1.10850000
1.11050000
1.12090000
1.11960000
1.12640000
1.11120000
1.10800000
1.11170000
1.11350000
1.12320000
1.14870000
1.14660000
1.15070000
1.15390000
1.15390000
1.16390000
1.15980000
1.16470000
1.15560000
1.17130000
1.17300000
1.17300000
1.17150000
1.17520000
1.17890000
1.16550000
1.13860000
1.14160000
1.14160000
1.14440000
1.13320000
1.13250000
1.13750000
1.13750000
1.13750000
1.13260000
1.13820000
1.13860000
1.14390000
1.14630000
1.15160000
1.15100000
1.15100000
1.15180000
1.14780000
1.15050000
1.16010000
1.17170000
1.16810000
1.16810000
1.17580000
1.17020000
1.19120000
1.18640000
1.18910000
1.18760000
1.18760000
1.19720000
1.19510000
1.20780000
1.20610000
1.19060000
1.19190000
1.19120000
1.18920000
1.17860000
1.16150000
1.16460000
1.15410000
1.15220000
1.15220000
1.16120000
1.16240000
1.16880000
1.15470000
1.16310000
1.16230000
1.16230000
1.16340000
1.16580000
1.16650000
1.17360000
1.18040000
1.18040000
1.18040000
1.17420000
1.18580000
1.18600000
1.19250000
1.19350000
1.19350000
1.19190000
1.17440000
1.16820000
1.16640000
1.14680000
1.13840000
1.13780000
1.13780000
1.12430000
1.13650000
1.12200000
1.12390000
1.13550000
1.12780000
1.12780000
1.14100000
1.13820000
1.14110000
1.12310000
1.11720000
1.11540000
1.11540000
1.11920000
1.11750000
1.09960000
1.09240000
1.08230000
1.08310000
1.08310000
1.08100000
1.07310000
1.07500000
1.07600000
1.06200000
1.06200000
1.06200000
1.06180000
1.05230000
1.07700000
1.05290000
1.04430000
1.04640000
1.04490000
1.05450000
1.05870000
1.06740000
1.05040000
1.05080000
1.05080000
1.05080000
1.06130000
1.06270000
1.07040000
1.05820000
1.07030000
1.07010000
1.07010000
1.06470000
1.06710000
1.08510000
1.08220000
1.08200000
1.08300000
1.08300000
1.09080000
1.07970000
1.06790000
1.06350000
1.06900000
1.06850000
1.06850000
1.06560000
1.07620000
1.07650000
1.08860000
1.08060000
1.08060000
1.08120000
1.07370000
1.08590000
1.09000000
1.10580000
1.09330000
1.09390000
1.09390000
1.08520000
1.09710000
1.10020000
1.10450000
1.08810000
1.08810000
1.08810000
1.09710000
1.08990000
1.08320000
1.07620000
1.06970000
1.06920000
1.06920000
1.07610000
1.07030000
1.07590000
1.07360000
1.07260000
1.07070000
1.07310000
1.07560000
1.09340000
1.09790000
1.11200000
1.11640000
1.11500000
1.11500000
1.11320000
1.10110000
1.11650000
1.12720000
1.12400000
1.12380000
1.12130000
1.11660000
1.11980000
1.12860000
1.13310000
1.13800000
1.14390000
1.14390000
1.13710000
1.11600000
1.10960000
1.11870000
1.10730000
1.10770000
1.10770000
1.11550000
1.12660000
1.12740000
1.12140000
1.12600000
1.12600000
1.12600000
1.12790000
1.13380000
1.13010000
1.11580000
1.10770000
1.10940000
1.10940000
1.11380000
1.11890000
1.11630000
1.10690000
1.12320000
1.12410000
1.12410000
1.12740000
1.12090000
1.11990000
1.12380000
1.11920000
1.12040000
1.11900000
1.12410000
1.13190000
1.13020000
1.13480000
1.14080000
1.14290000
1.14140000
1.14380000
1.13900000
1.13270000
1.13320000
1.13660000
1.13510000
1.13510000
1.14020000
1.15630000
1.16770000
1.16690000
1.16250000
1.16350000
1.16350000
1.16330000
1.17130000
1.16690000
1.18260000
1.17940000
1.17940000
1.17940000
1.18230000
1.17110000
1.17820000
1.17660000
1.17610000
1.17620000
1.17680000
1.18580000
1.17350000
1.17070000
1.16130000
1.16060000
1.15860000
1.15860000
1.16120000
1.17090000
1.17030000
1.16920000
1.16740000
1.16660000
1.16750000
1.16400000
1.15840000
1.16270000
1.18440000
1.17780000
1.17720000
1.17720000
1.18110000
1.17670000
1.18190000
1.19430000
1.18080000
1.18150000
1.18120000
1.17910000
1.16890000
1.16410000
1.17150000
1.17050000
1.17070000
1.17070000
1.16990000
1.16400000
1.14600000
1.14800000
1.14760000
1.14850000
1.14740000
1.15090000
1.14090000
1.13640000
1.13980000
1.14060000
1.14040000
1.14050000
1.14380000
1.14230000
1.13530000
1.13160000
1.13170000
1.13190000
1.13170000
1.13410000
1.13970000
1.13650000
1.12140000
1.11910000
1.11830000
1.11920000
1.11460000
1.10750000
1.09560000
1.09590000
1.08960000
1.09160000
1.09160000
1.09430000
1.09090000
1.09350000
1.09340000
1.09510000
1.09420000
1.09420000
1.09700000
1.09750000
1.09920000
1.09130000
1.09760000
1.09610000
1.09840000
1.10180000
1.12570000
1.12900000
1.11660000
1.10200000
1.10200000
1.10340000
1.11240000
1.09350000
1.10330000
1.09830000
1.09830000
1.09830000
1.09830000
1.08140000
1.07830000
1.07820000
1.07850000
1.09490000
1.09480000
1.09480000
1.09200000
1.08380000
1.08280000
1.09000000
1.09940000
1.09940000
1.09940000
1.09090000
1.08820000
1.09430000
1.09030000
1.08890000
1.09050000
1.08890000
1.08710000
1.09450000
1.09820000
1.10810000
1.09930000
1.09950000
1.09810000
1.10100000
1.10080000
1.10690000
1.10570000
1.11330000
1.11300000
1.11240000
1.12160000
1.12260000
1.11960000
1.11990000
1.12100000
1.11980000
1.12070000
1.10580000
1.10560000
1.11130000
1.10810000
1.10750000
1.10820000
1.10800000
1.11390000
1.11720000
1.11430000
1.12010000
1.11780000
1.11860000
1.11810000
1.11820000
1.13600000
1.13260000
1.13390000
1.13120000
1.13100000
1.13090000
1.13880000
1.13290000
1.13740000
1.13930000
1.13910000
1.13920000
1.13920000
1.13670000
1.13210000
1.12580000
1.12610000
1.11620000
1.11570000
1.11650000
1.12160000
1.12380000
1.12550000
1.11780000
1.12490000
1.12350000
1.12260000
1.12280000
1.12070000
1.11380000
1.12020000
1.10620000
1.10770000
1.10770000
1.10850000
1.10830000
1.11050000
1.11070000
1.12660000
1.12800000
1.12710000
1.13910000
1.13770000
1.13730000
1.13280000
1.12890000
1.12890000
1.12890000
1.12180000
1.12470000
1.10710000
1.11190000
1.11790000
1.11770000
1.11620000
1.11940000
1.12000000
1.12200000
1.12240000
1.12100000
1.12120000
1.11980000
1.11840000
1.13250000
1.13220000
1.13540000
1.13160000
1.13110000
1.13130000
1.13210000
1.12840000
1.13910000
1.14000000
1.15500000
1.15830000
1.15620000
1.15940000
1.15630000
1.16120000
1.16550000
1.16080000
1.16050000
1.16180000
1.14850000
1.15270000
1.15280000
1.14790000
1.14600000
1.14600000
1.14610000
1.14210000
1.14130000
1.14810000
1.14430000
1.14520000
1.14550000
1.14540000
1.14850000
1.14130000
1.15010000
1.15000000
1.14230000
1.14230000
1.14210000
